0 0 20495 29197 40526 59237 60543 
1 100017 20483 30675 39967 49722 60004 
2 200494 20327 24453 39774 56505 59838 
3 300803 19325 24487 39832 55543 59871 
4 400158 20319 28425 39728 49468 59763 
5 500401 20303 24450 39896 44613 59913 
6 600737 19158 26500 39625 51537 59668 
7 700668 19135 25844 39978 50878 59992 
8 799924 20133 30827 39987 45889 60126 
9 900472 20300 31735 40089 52772 60098 
10 1000038 20327 29444 40750 54487 59818 
11 1100346 20342 27459 39794 51507 59848 
12 1200786 19316 24448 39709 53454 59787 
13 1300033 20390 27489 39824 54539 59857 
14 1400378 20347 31441 39883 53599 59930 
15 1499910 20339 31472 40807 51528 60843 
16 1600240 20329 33468 39795 44524 59826 
17 1700558 19331 30458 39807 56505 59837 
18 1799865 20326 32496 40992 57704 59987 
19 1900308 20510 25656 39987 49704 59997 
20 2000843 19323 31461 39774 54511 59852 
21 2100211 20554 30615 39965 46661 59978 
22 2200645 19309 33456 39778 47508 59839 
23 2300128 20285 30430 39757 44482 59821 
24 2400433 20323 33474 39795 59526 59667 
25 2500678 19314 32675 39980 50721 59969 
26 2600083 20328 28550 39875 47601 59908 
27 2700483 20323 26463 39821 51513 59873 
28 2800898 19323 28419 39734 57471 59763 
29 2900145 20342 29470 39791 55524 59846 
30 3000430 20326 31486 39809 49539 59884 
31 3100781 19340 31414 39734 57472 59760 
32 3199959 20345 25532 40841 57588 59929 
33 3300370 20313 24463 39791 46516 59887 
34 3400723 19324 32441 39755 45494 59822 
35 3499974 20327 33502 40833 55551 59867 
36 3600315 20279 32456 39777 58510 59806 
37 3700566 19336 26546 39892 57597 59874 
38 3799876 20332 32534 40849 50590 60897 
39 3900258 20348 24449 39773 49517 59832 
40 4000581 19349 33477 39800 50529 59862 
41 4099927 20331 30478 40814 59530 60791 
42 4200203 20323 24503 39817 53560 59859 
43 4300499 19359 27512 39784 50556 59777 
44 4400619 19234 33817 40134 50872 59256 
45 4500331 20333 29404 39726 57456 59743 
46 4600619 19327 31511 39832 47561 60032 
47 4700118 20481 32581 39896 44632 59959 
48 4800521 19329 28480 39779 48492 59811 
49 4900702 19333 27512 39842 52564 59911 
50 5000056 20327 30452 39736 55458 59787 
51 5100326 20323 32426 39745 45478 59925 
52 5200721 19270 25383 39685 44424 59776 
53 5299972 20325 24453 40784 55499 60765 
54 5400132 20306 31614 39938 56664 59995 
55 5500615 19344 33465 39784 54526 60024 
56 5600122 20501 24605 39936 55676 60031 
57 5700640 19339 30445 39754 55494 59974 
58 5800111 20334 26455 39765 57504 59817 
59 5900346 20337 26503 39825 54558 60045 
60 5999888 20471 31560 40897 48613 59942 
61 6100310 20339 28466 39733 58468 59671 
62 6200364 20328 31646 39992 46701 60010 
63 6299848 20394 34514 40821 50552 60832 
64 6400157 20334 34446 39757 46488 59816 
65 6500432 20339 25455 39765 56509 59833 
66 6600809 19303 26429 39747 45486 59752 
67 6700071 20396 31456 39772 50498 59830 
68 6800375 20332 29480 39821 56534 59978 
69 6899851 20332 33459 40756 51512 61019 
70 7000352 20335 30461 39786 59516 59733 
71 7100585 19339 31534 39865 54585 60077 
72 7200119 20334 25462 39762 53503 59839 
73 7300421 20345 27443 39739 58484 59772 
74 7400756 19278 26461 39770 51520 59957 
75 7500179 20340 27411 39713 54454 59786 
76 7600431 20333 33455 39794 44502 59824 
77 7700750 19345 25436 39759 44488 59808 
78 7800043 20337 31445 39787 52487 59755 
79 7900213 20356 29475 39802 53527 59821 
80 8000487 19326 25464 39788 48519 59836 
81 8100785 19334 31431 39727 51481 59768 
82 8200036 20324 24475 39789 47523 59821 
83 8300303 20280 28458 39771 50512 59840 
84 8400583 19345 33473 39796 57529 59827 
85 8499910 20286 30440 40764 53490 60928 
86 8600307 20324 32427 39701 57431 59657 
87 8700383 20539 34772 40068 51823 60147 
88 8800024 20324 28471 39774 53514 59816 
89 8900306 20413 24555 39869 58608 59903 
90 9000765 19308 28445 39778 58503 59794 
91 9100043 20340 28509 39827 55574 59899 
92 9200415 20307 31425 39758 45471 59782 
93 9300793 19337 30477 39974 45685 59015 
94 9400199 20274 27435 39765 45488 59799 
95 9500493 19338 31487 39814 47543 59882 
96 9599823 20279 27412 40741 45460 60775 
97 9700040 20338 28492 39794 54540 59873 
98 9800379 20320 32477 39838 51525 59857 
99 9900825 19340 31454 39774 47506 59848 
100 10000145 20331 30473 39807 57524 59853 
101 10100471 19333 23496 39804 45547 60026 
102 10199925 20331 25468 40794 60521 60700 
103 10300102 20339 34586 39946 45667 59982 
104 10400521 19323 33492 39815 57543 59831 
105 10499986 20340 32505 39807 52553 59890 
106 10600301 20512 34663 39988 52714 60009 
107 10699949 20481 28640 39956 55694 60029 
108 10800432 20328 28459 39775 59515 59717 
109 10900630 19331 28559 39875 47611 59959 
110 11000062 20327 24452 39778 51502 59827 
111 11100413 20336 31482 39805 50537 60006 
112 11199882 20331 29432 40760 46482 60792 
113 11300161 20338 29478 39794 54534 59832 
114 11400442 19323 30488 39818 45536 59851 
115 11499739 20327 32487 40794 58533 60747 
116 11599907 20330 25631 39959 54686 60033 
117 11700414 20333 27471 39793 52523 59834 
118 11800688 19331 28490 39818 50540 59906 
119 11900059 20337 30428 39750 45476 59831 
120 12000285 20334 32460 39793 53509 59798 
121 12100532 19331 27515 39844 59566 59773 
122 12200675 19320 26622 39958 57678 59970 
123 12300129 20342 31521 39853 55577 59914 
124 12400493 19332 31456 39788 51506 59827 
125 12499976 20340 25458 40775 57509 59854 
126 12600269 20326 25469 39794 48525 59814 
127 12700495 19325 31485 39804 49537 59824 
128 12799787 20333 33443 40768 48490 60795 
129 12900044 20338 30489 39797 58538 59758 
130 13000211 20313 26635 39982 57688 60018 
131 13100677 19334 26472 39797 46528 59855 
132 13200057 20358 31439 39772 53491 59797 
133 13300442 19332 26474 39806 44505 59830 
134 13400760 19321 27482 39810 48533 60007 
135 13500234 20328 27446 39774 46453 59787 
136 13600505 19322 23426 39753 55476 59796 
137 13699784 20344 27491 40812 60544 60745 
138 13799927 20330 30603 39932 56658 59968 
139 13900367 20311 31486 39826 48534 59874 
140 14000703 19345 33455 39799 52508 59850 
141 14100025 20326 31383 40653 46446 59648 
142 14200134 20321 28641 39968 47693 60012 
143 14300624 19359 27461 39697 46492 59712 
144 14399808 20332 28641 39948 50675 59982 
145 14500252 20315 26440 39697 54450 59787 
146 14600513 19386 33427 39748 55479 59664 
147 14699759 20328 29628 40917 56631 61151 
148 14800371 20321 33464 39785 50534 59864 
149 14900742 19359 29449 39754 47461 59971 
150 15000181 20344 27457 39778 57511 59794 
151 15100470 19312 32463 39734 53475 59720 
152 15200589 19321 30610 39930 52663 59988 
153 15300158 20326 26430 39759 44481 59804 
154 15400539 19335 32452 39778 47507 60005 
155 15500114 20372 34454 39794 52504 59828 
156 15600596 19327 26440 39764 48493 59803 
157 15700063 20341 31493 39822 52543 59894 
158 15800434 19336 30467 39787 44507 59824 
159 15900723 19284 31450 39780 57497 59806 
160 15999976 20157 34500 39678 55536 59652 
161 16100090 20231 24723 40075 53761 60079 
162 16200625 19314 26456 39787 47500 59783 
163 16299845 20311 27475 40767 56481 60717 
164 16400003 20336 25596 39948 44600 59842 
165 16500234 20203 24627 39794 49631 59815 
166 16600279 20121 31685 39823 49719 59855 
167 16700395 20144 27839 39949 49841 59967 
168 16799777 20210 32804 40017 50904 60051 
169 16900129 20344 25790 40147 45836 60152 
170 16999740 20318 33506 40834 54558 60829 
171 17099987 20336 26510 39847 49546 59910 
172 17200527 19336 25424 39757 47476 59800 
173 17299817 20296 31438 40798 50508 61028 
174 17400454 19330 32433 39725 52473 59744 
175 17500421 20104 30609 39754 53643 59794 
176 17600437 20155 26796 39952 54833 59978 
177 17719800 20222 26815 40032 55928 60154 
178 17800181 20330 25822 40157 51824 60110 
179 17900656 19184 27616 39827 51664 59827 
180 17999865 20155 27691 39904 49732 59898 
181 18100194 20152 24582 39712 48584 59707 
182 18200251 20244 33795 40072 54841 60139 
183 18300020 20292 33516 39850 51563 59890 
184 18400376 20317 27470 39800 58523 59847 
185 18499904 20302 33392 40906 55601 59844 
186 18600143 20324 30567 39901 46612 59934 
187 18700545 19267 24449 39783 48505 59832 
188 18799851 20294 30444 40762 58495 60795 
189 18900122 20283 29469 39806 52521 59836 
190 19000450 19346 25489 39814 56538 59828 
191 19099761 20293 32477 40920 54627 59901 
192 19200153 20292 32469 39774 48500 59794 
193 19300429 19285 30452 39788 47489 59839 
194 19399739 20281 28421 40924 56642 60900 
195 19500105 20333 30540 39878 46589 59910 
196 19600644 19337 26463 39786 51513 59814 
197 19700017 20319 24486 39801 55542 59824 
198 19800324 20292 30480 39842 59532 59705 
199 19900561 0 0 0 0 0 
