0 0 943 6233 20150 32342 40364 
1 100301 160 13584 20208 27614 40511 
2 199739 397 7850 20426 24820 40637 
3 300417 20217 24512 39730 50951 60189 
4 400471 20127 27515 39650 53083 59725 
5 499738 20509 30042 40552 57937 60717 
6 600260 19800 32204 39853 59281 59890 
7 699964 20060 28896 40119 57942 60606 
8 800562 19854 24648 39757 46551 59523 
9 900293 20475 35196 39739 56425 59963 
10 1000253 20471 34845 39910 48237 60374 
11 1100605 19513 26861 39434 50806 59679 
12 1200092 20375 30687 40604 53972 60074 
13 1300677 19677 25084 39589 59036 59887 
14 1400219 20455 25954 39912 59505 60194 
15 1500149 20214 24783 40029 55545 60557 
16 1600479 20155 24508 39699 48066 59877 
17 1700168 20520 30895 39969 47259 60427 
18 1800514 19385 28745 39694 46065 60000 
19 1900261 210 7686 20405 30876 40386 
20 2000774 19226 29509 39432 47609 59633 
21 2100152 174 9667 20394 39889 40461 
22 2200772 19527 27787 39834 58185 59003 
23 2300206 19980 32369 40295 45678 59874 
24 2400123 20523 26881 40014 56363 60481 
25 2500574 19510 26883 39458 53851 59741 
26 2599967 20230 25536 40747 45102 60609 
27 2700301 19928 32230 40188 57586 60473 
28 2800156 20214 27751 40384 49891 59922 
29 2900475 20103 33572 39523 58023 59662 
30 3000609 20079 32456 39571 57957 59786 
31 3119786 91 11667 20856 37435 40300 
32 3200251 19936 30644 40100 52829 60505 
33 3300441 20049 24464 40356 51656 60154 
34 3400447 20373 31718 39873 53164 60145 
35 3500548 19509 31899 39473 49844 59603 
36 3600117 384 14914 20470 24968 39972 
37 3700458 20373 26663 39877 46130 60194 
38 3800625 19455 33795 39683 44989 59912 
39 3900171 576 12015 19725 39141 40188 
40 4000354 20307 31793 39800 45284 59987 
41 4099995 247 5781 20122 38552 40407 
42 4200698 19516 28733 39712 56120 60005 
43 4300560 19210 24742 39390 53889 59509 
44 4400775 19522 26865 39707 52055 59892 
45 4500288 20542 34805 39953 49361 60089 
46 4600098 171 11620 20058 26486 40250 
47 4700392 20227 31462 39743 52917 60186 
48 4800474 19480 30832 39729 44084 60034 
49 4900422 20397 27731 39534 49920 59794 
50 5000057 157 11635 20380 38855 40356 
51 5100754 19512 24772 39812 52024 59947 
52 5200347 176 14709 20160 26752 39983 
53 5300574 19383 32969 39549 57037 59734 
54 5400123 20247 25616 40425 57794 60631 
55 5500680 19174 30502 39664 45040 59962 
56 5600579 19261 26635 39771 51100 60080 
57 5700671 19513 25854 39708 59101 59889 
58 5800199 20523 28816 39968 56505 60102 
59 5900240 20237 27811 40368 48867 59811 
60 6000577 19479 25821 39690 46117 59670 
61 6100118 20552 29849 40021 55343 60230 
62 6199995 20387 31789 40597 55958 59981 
63 6300701 19530 23823 39761 59153 60056 
64 6400322 20061 29445 39483 47955 59851 
65 6500617 19524 23936 39725 49047 59919 
66 6600136 20201 24552 40525 46802 59990 
67 6700038 20382 29760 40500 45871 60692 
68 6800454 180 6743 19541 31006 39362 
69 6900074 20250 31490 40382 51589 60479 
70 7000254 20525 33977 40018 55561 60288 
71 7100228 163 14643 20352 27910 40336 
72 7200882 19528 32758 39810 52989 59269 
73 7300167 20543 30887 40052 49396 60247 
74 7400166 20525 28914 39765 56150 60212 
75 7500256 20529 31917 40052 53415 60261 
76 7600208 20204 34647 40387 47693 59858 
77 7700117 20510 25928 40011 47365 60246 
78 7800065 165 13651 20548 33059 40624 
79 7900190 20160 30444 40406 53694 59613 
80 8000767 19517 24916 39693 52065 59844 
81 8100592 19237 26554 39748 59129 60049 
82 8200320 20279 29690 39733 56225 59912 
83 8299919 823 13533 19999 38607 40156 
84 8400280 20114 34344 40451 59707 80134 
85 8499872 907 15435 20397 33921 40676 
86 8600714 19521 29835 39816 58124 60102 
87 8700834 19546 28926 39770 57153 59165 
88 8799984 20177 34610 40312 59733 60503 
89 8900312 20298 29630 39534 55954 59983 
90 9000309 20520 32895 40025 56384 60322 
91 9100596 19525 31896 39711 54134 59893 
92 9200191 20119 33438 40466 54757 59910 
93 9299817 20506 34866 40692 58085 60869 
94 9400259 20416 33777 39636 44137 60061 
95 9499803 373 12900 20556 25043 40680 
96 9600818 19539 32750 39824 49000 59249 
97 9700068 20495 34036 40002 46588 60193 
98 9799936 286 9814 20298 24729 40474 
99 9900608 19539 33773 39814 50003 60116 
100 10000738 19530 33881 39731 49074 59915 
101 10100284 20440 32725 39930 53331 60111 
102 10200085 20232 30662 40386 55707 60590 
103 10300638 19528 29836 39716 55117 59922 
104 10400495 166 5688 20211 33719 39325 
105 10519679 634 12169 20198 31831 40840 
106 10600084 195 13017 20017 38712 40054 
107 10700664 19528 24800 39855 48135 60103 
108 10800428 19380 23759 39351 58854 59506 
109 10900382 19998 26458 40183 55493 59288 
110 11000093 273 9921 20178 31968 40177 
111 11119741 20100 30841 40185 51942 60228 
112 11200152 20212 29878 40407 56035 59857 
113 11300584 19529 27839 39761 59028 59963 
114 11400248 20289 32571 39798 53195 59934 
115 11500499 19166 24691 39717 54189 59368 
116 11600157 19815 34378 40266 48833 59620 
117 11700803 19516 31830 39750 46119 59236 
118 11800034 20469 33848 40834 55172 60290 
119 11900354 20393 33766 39900 54229 60180 
120 12000503 19254 24607 39693 50074 59885 
121 12100091 20224 30596 40372 52675 60594 
122 12200418 19485 30749 39687 47094 59983 
123 12300162 226 6707 20428 36900 40364 
124 12400471 20115 31390 39567 56721 60041 
125 12500159 20542 28904 39767 45064 59967 
126 12600539 19820 32265 39945 47410 60062 
127 12700289 20202 24576 40226 45576 59838 
128 12800109 20514 24887 39993 45337 60201 
129 12899958 180 5686 20670 34142 40055 
130 13000273 20181 29589 40492 49832 59956 
131 13100233 20198 24596 40473 52834 59924 
132 13200694 19472 30870 39709 51085 60075 
133 13300790 19444 31834 39621 53001 59888 
134 13400121 342 13910 20494 34058 39975 
135 13500327 20367 25614 39868 48127 60164 
136 13600318 20377 31736 39883 49250 60110 
137 13700114 20194 28590 40426 47688 59668 
138 13800806 19458 24865 39672 52024 59893 
139 13900503 19646 32020 39560 54042 59846 
140 14000083 20514 30993 39712 51222 59911 
141 14100317 20346 31655 39820 53121 60120 
142 14200091 20518 30912 40000 47369 60220 
143 14300088 20514 30916 39994 53368 60215 
144 14400029 179 13669 20330 35840 40413 
145 14500704 19463 23688 39747 57991 59888 
146 14600562 19507 27903 39700 50125 59916 
147 14700117 20444 27746 39664 54037 60090 
148 14800232 20241 31757 40545 45977 59705 
149 14900550 19954 28344 39471 57803 59489 
150 15000040 20131 26506 40368 51766 60665 
151 15100739 19477 23818 39698 53058 59995 
152 15200564 19485 33890 39632 58028 59809 
153 15300013 20239 34557 40609 49092 60651 
154 15400285 20060 32431 40047 56427 59699 
155 15500292 20184 30567 39528 54868 59974 
156 15599922 20462 27877 40764 54153 60211 
157 15700112 20510 29888 40007 58350 60281 
158 15800259 20388 29776 39877 44260 60064 
159 15899991 168 7660 19968 24396 40481 
160 16000411 19513 26755 39408 54766 59906 
161 16100042 20474 27182 39694 56350 59879 
162 16200505 19467 26848 39656 48007 59854 
163 16299920 20199 30529 40428 59704 60583 
164 16399973 20514 28822 40879 55317 60351 
165 16499952 20516 25893 40820 45223 60291 
166 16600277 20370 25743 39867 44209 60087 
167 16700069 20185 25597 40331 57679 60637 
168 16799886 20108 26822 40385 51023 60588 
169 16900343 20380 33790 39886 49217 60172 
170 16999965 256 10794 20478 39990 40557 
171 17099987 20403 34663 40777 51040 60245 
172 17200247 20364 28718 39600 48964 60041 
173 17300156 20548 30919 39788 48164 60268 
174 17400093 20515 24956 40026 56438 60190 
175 17499958 153 14691 20017 25473 40358 
176 17600317 19629 33980 39823 46068 59957 
177 17699937 20185 33554 40318 53647 60504 
178 17800248 20125 29454 40416 48852 59888 
179 17900024 20184 34552 40357 57781 60481 
180 18000266 19634 24055 39516 48972 59727 
181 18120054 20280 24496 40617 44778 60141 
182 18200333 19514 24003 39604 51067 59798 
183 18299718 20518 33890 40699 49124 60827 
184 18400218 20510 25020 40019 59547 60284 
185 18500383 19377 24801 39697 44139 59986 
186 18600199 145 14614 20300 33796 40301 
187 18700474 19928 25223 40257 51527 60001 
188 18800501 19500 26832 39716 55057 59926 
189 18900105 19905 33260 40042 48355 60307 
190 19000241 20000 26576 39837 44456 59770 
191 19100022 487 10118 20305 39909 40484 
192 19200612 19462 30131 39739 47388 59914 
193 19300261 20328 27686 39838 54144 60106 
194 19400141 20187 30606 40490 44935 59804 
195 19499961 20514 29891 39998 50368 60461 
196 19600320 20367 26716 39886 48229 60115 
197 19700137 20183 30597 40261 55610 59717 
198 19799821 20413 27980 40607 50111 60907 
199 19900591 0 0 0 0 0 
