0 0 395 8909 20060 38634 38786 
1 99397 190 10969 20509 40128 40343 
2 199821 210 14895 20238 29798 40375 
3 300065 171 7864 20054 35565 40066 
4 399744 217 6901 20417 38039 38184 
5 499956 20400 32009 32183 46713 46826 
6 599730 192 11876 20047 35769 35817 
7 699984 20063 33897 33989 39803 39835 
8 819304 63 6919 6945 14802 14824 
9 900421 19377 25995 26167 40726 40814 
10 1000252 186 13907 19315 33931 34135 
11 1100012 20100 34686 40131 58497 58649 
12 1199626 186 7825 20093 33599 33752 
13 1299753 20072 33684 33841 50140 50259 
14 1399717 20189 28746 28890 35516 35582 
15 1499779 245 5943 20380 33876 34060 
16 1600046 20134 31779 31846 48355 48394 
17 1699623 110 13966 20370 26128 26264 
18 1799294 892 15626 15784 27392 27558 
19 1899298 951 13618 13764 22427 22640 
20 1999522 682 15384 15524 31208 31320 
21 2100343 165 7909 19156 30772 30934 
22 2199490 20187 31785 32004 39403 40055 
23 2300152 180 9854 19634 32216 32404 
24 2399734 186 8890 19863 37202 37381 
25 2499651 20247 27519 27731 32387 32487 
26 2600110 185 7864 20100 25684 25840 
27 2700292 207 10862 19239 32784 32961 
28 2799614 164 10813 20116 39544 39786 
29 2899553 20229 32772 33004 49437 49608 
30 3000071 163 7890 20104 25690 25861 
31 3099928 180 10860 20269 26855 40431 
32 3199470 186 8815 20123 38629 38818 
33 3299689 20241 25784 26026 44327 44522 
34 3400207 19390 25903 26126 30722 30835 
35 3500007 196 5829 20052 34492 34641 
36 3599878 180 6892 20249 26855 40465 
37 3699517 197 8812 8962 14641 14717 
38 3800079 20132 34844 35093 49747 49905 
39 3899400 103 6873 20087 36829 36983 
40 4000112 19202 23846 24069 41678 41885 
41 4099535 88 8772 20043 24600 24705 
42 4200115 171 9816 20161 35531 35688 
43 4300142 19500 32857 39495 51951 52187 
44 4400018 20163 25604 25858 44157 44318 
45 4519657 20079 32615 40209 55411 55672 
46 4600021 20148 24721 24962 39417 39579 
47 4699333 199 4776 4863 22632 22735 
48 4800287 201 8899 19256 24794 24974 
49 4899467 184 8822 20438 38722 38982 
50 4999706 20236 33787 34007 52353 52428 
51 5099952 163 10912 20045 36698 39969 
52 5200133 19430 28983 29099 43658 43766 
53 5299389 20321 31045 31234 41887 42094 
54 5400119 124 7905 20066 32605 32756 
55 5499246 881 12337 12524 29234 29413 
56 5599270 95 4850 4896 23544 23603 
57 5700191 19403 28006 28175 35857 35952 
58 5800256 185 9852 19429 28940 29153 
59 5899836 20119 27692 27919 35314 39945 
60 6000076 19373 27849 28055 47494 47682 
61 6099884 193 13917 20238 27755 27948 
62 6199415 20362 24887 25107 42442 42629 
63 6299834 220 10877 20076 27586 27781 
64 6399328 20136 32652 40115 55417 55654 
65 6499925 20088 30465 39546 44106 44343 
66 6599843 214 5883 20446 34852 35075 
67 6700287 19364 28894 29053 43562 43756 
68 6799587 20433 32133 32235 46937 47015 
69 6899512 192 12004 20433 33112 33313 
70 7000154 19216 27781 28010 34362 34543 
71 7099717 212 5799 20390 31798 31983 
72 7199780 20337 33783 34028 39472 40033 
73 7299877 258 9924 20130 34453 34683 
74 7400089 199 10884 20062 29412 29554 
75 7499891 20434 33083 33354 47780 47953 
76 7600010 203 9905 19368 37013 37198 
77 7699640 216 6864 20175 39543 39722 
78 7799651 20262 24822 25034 42344 42484 
79 7900017 20124 27756 27902 40603 40774 
80 7999943 189 8901 20141 27631 27957 
81 8099958 19591 24033 24263 31591 39557 
82 8200059 19221 32614 32869 42548 42846 
83 8299579 184 13873 20195 25682 26009 
84 8400142 19256 25816 25985 44391 44545 
85 8499920 210 7957 20126 26517 26688 
86 8599626 246 9801 20324 39909 40131 
87 8700026 187 11788 20127 25584 25756 
88 8799858 187 11696 20135 28517 28664 
89 8899734 221 11794 20200 31554 31727 
90 9000066 215 10832 20083 34360 34519 
91 9099889 248 4786 4944 23615 23812 
92 9199725 20108 30622 40138 59546 59797 
93 9300123 19277 33841 33910 39505 39550 
94 9399229 899 10605 10734 30592 30715 
95 9500411 186 5820 19412 29721 29908 
96 9599826 20148 34635 34744 41120 41212 
97 9700101 19023 24753 24857 29572 29609 
98 9799911 194 10957 20116 30693 30873 
99 9899678 237 14834 20411 30992 31160 
100 9999525 20097 27570 27739 44011 44146 
101 10099864 216 4929 20248 29767 40208 
102 10199553 289 8851 20344 26776 26949 
103 10299940 20138 34775 34934 50313 50437 
104 10399627 220 10910 20440 27102 27243 
105 10499746 20059 25527 25670 45167 45314 
106 10599957 206 12866 20227 29899 40126 
107 10699483 501 12186 12323 19858 20172 
108 10799823 166 12882 20439 35930 36122 
109 10900215 19277 30864 31016 36341 36406 
110 10999726 20230 31584 31707 50449 50608 
111 11099655 20091 24806 24960 43480 43631 
112 11219355 20280 31840 31991 36662 36787 
113 11299675 199 14938 20463 32069 32251 
114 11399875 20472 35046 35226 39737 40242 
115 11499488 294 10826 10921 26692 26816 
116 11599509 20027 33778 33869 44537 44623 
117 11699515 20116 31970 32069 43882 43945 
118 11799898 73 4956 20097 31980 32081 
119 11899515 20147 25951 26079 44787 44905 
120 11999726 215 5003 20130 30853 30966 
121 12099580 20237 29743 30008 40337 40519 
122 12199900 181 14861 15075 30778 30908 
123 12299541 20114 34762 34950 54548 54709 
124 12399935 20134 30808 31015 49534 49717 
125 12499405 162 12883 20160 26663 26830 
126 12600183 19200 24718 24930 37143 37398 
127 12719383 596 8871 9003 25580 25749 
128 12800115 202 12944 19327 37932 38062 
129 12900166 19465 30060 30296 34716 34871 
130 13000307 185 4843 19209 23672 23891 
131 13100067 19182 28564 28820 44102 44309 
132 13219449 20155 28445 28642 45275 45554 
133 13299641 20204 32805 33009 51562 51670 
134 13400146 19204 30849 31085 41795 41972 
135 13499885 169 12864 20106 36699 36839 
136 13599666 19840 31386 31607 46095 46273 
137 13699527 20147 27759 27940 39497 39946 
138 13799769 243 6973 7059 23778 23901 
139 13899631 20220 33745 33946 50323 50536 
140 14019379 240 12875 20182 31375 31541 
141 14099492 20435 30954 31188 41682 41813 
142 14199277 204 6885 7179 25901 26230 
143 14319203 20080 26714 26813 40225 40375 
144 14399863 19535 25241 25404 35121 35229 
145 14499602 76 6896 20065 36693 36792 
146 14599887 20068 31814 31958 40481 40635 
147 14699376 235 12914 20202 36477 36834 
148 14799933 20103 29442 40059 54180 59868 
149 14899889 312 5917 20146 27462 27710 
150 14999925 19621 25066 25248 36768 36931 
151 15099962 20106 31413 39951 56386 56580 
152 15199388 229 4881 20211 26631 26924 
153 15299987 20174 34778 35044 45437 45666 
154 15419567 127 6834 20419 34872 35011 
155 15499492 20078 31466 31740 44333 44470 
156 15599511 20133 26761 26892 32490 39896 
157 15699279 191 10947 11090 16814 16937 
158 15799836 20163 24784 24977 29486 40067 
159 15899337 237 14793 14915 32597 32687 
160 16019268 20033 27738 40025 47634 47724 
161 16099439 20069 26833 39887 55670 55768 
162 16199561 20081 29915 30026 34781 34871 
163 16299999 77 10955 20080 32766 32847 
164 16399814 20088 27696 39850 45543 45664 
165 16499401 696 15419 15571 31177 31343 
166 16599405 20073 30700 30801 47334 47450 
167 16699316 20090 24891 25067 38831 40049 
168 16799775 79 9912 20096 35773 35887 
169 16899431 20073 31685 31804 49321 49474 
170 16999374 71 10927 20067 27865 27945 
171 17099332 20130 29721 29873 41225 41364 
172 17199790 20196 25837 26001 34512 40262 
173 17299614 237 13817 20047 28355 28472 
174 17399609 20445 30069 30282 37999 40344 
175 17499889 215 4818 20245 34852 40223 
176 17599890 20080 28501 40067 54415 54599 
177 17699893 90 7837 20035 38712 38814 
178 17799753 19815 24345 39650 56189 56267 
179 17899847 20223 31888 32105 42769 42928 
180 17999579 209 9850 20049 27454 27582 
181 18099974 19208 28859 29085 39710 39802 
182 18199327 74 5820 20248 33959 34098 
183 18319372 20109 29839 30041 47626 47863 
184 18399482 20223 25797 26131 45823 46045 
185 18499997 19095 24788 24905 39539 39657 
186 18599332 186 4830 5030 9703 9886 
187 18699313 221 5765 5868 17287 17431 
188 18799347 20121 26496 26600 41242 41352 
189 18899305 183 5972 20190 32720 32864 
190 18999984 19439 27079 27259 44755 44920 
191 19099649 215 5854 20424 27923 28127 
192 19199946 20154 26733 26923 38378 39986 
193 19299868 19745 30133 30190 36940 39585 
194 19399436 19905 24603 24850 38629 38834 
195 19499950 20018 25461 25524 31274 31298 
196 19599562 234 12966 20341 34840 35040 
197 19699746 20102 29727 29949 45285 45496 
198 19799480 20096 30692 30882 41501 41632 
199 19900063 0 0 0 0 0 
