node1 0 0 
node1 1 99763 
node1 2 199909 
node1 3 299887 
node1 4 400174 
node1 5 499995 
node1 6 599957 
node1 7 699741 
node1 8 799692 
node1 9 899811 
node1 10 1000134 
node1 11 1100246 
node1 12 1200241 
node1 13 1299991 
node1 14 1400150 
node1 15 1500077 
node1 16 1600001 
node1 17 1700171 
node1 18 1800097 
node1 19 1899910 
node1 20 1999969 
node1 21 2100174 
node1 22 2199974 
node1 23 2300211 
node1 24 2400142 
node1 25 2499833 
node1 26 2600098 
node1 27 2699967 
node1 28 2799963 
node1 29 2900104 
node1 30 2999961 
node1 31 3099979 
node1 32 3200005 
node1 33 3300141 
node1 34 3399975 
node1 35 3500203 
node1 36 3600199 
node1 37 3700206 
node1 38 3800224 
node1 39 3900206 
node1 40 4000103 
node1 41 4100168 
node1 42 4200076 
node1 43 4300218 
node1 44 4399979 
node1 45 4500219 
node1 46 4600006 
node1 47 4700190 
node1 48 4799851 
node1 49 4899814 
node1 50 4999945 
node1 51 5100124 
node1 52 5199993 
node1 53 5299934 
node1 54 5399912 
node1 55 5499980 
node1 56 5599822 
node1 57 5699855 
node1 58 5800101 
node1 59 5899998 
node1 60 5999931 
node1 61 6100013 
node1 62 6200091 
node1 63 6300213 
node1 64 6399983 
node1 65 6500057 
node1 66 6600261 
node1 67 6699971 
node1 68 6800253 
node1 69 6900294 
node1 70 7000290 
node1 71 7099913 
node1 72 7199837 
node1 73 7299938 
node1 74 7399893 
node1 75 7499905 
node1 76 7600015 
node1 77 7699921 
node1 78 7799814 
node1 79 7899778 
node1 80 8000217 
node1 81 8100125 
node1 82 8200205 
node1 83 8300051 
node1 84 8400068 
node1 85 8500045 
node1 86 8600065 
node1 87 8700308 
node1 88 8800306 
node1 89 8900086 
node1 90 9000312 
node1 91 9100055 
node1 92 9200261 
node1 93 9300072 
node1 94 9400309 
node1 95 9500297 
node1 96 9600299 
node1 97 9700306 
node1 98 9800315 
node1 99 9900291 
node1 100 10000305 
node1 101 10100317 
node1 102 10200268 
node1 103 10300036 
node1 104 10400029 
node1 105 10500242 
node1 106 10600252 
node1 107 10700012 
node1 108 10800014 
node1 109 10900322 
node1 110 11000324 
node1 111 11100314 
node1 112 11200308 
node1 113 11300320 
node1 114 11400285 
node1 115 11499923 
node1 116 11600223 
node1 117 11700190 
node1 118 11800247 
node1 119 11900069 
node1 120 11999828 
node1 121 12100192 
node1 122 12200268 
node1 123 12300144 
node1 124 12400209 
node1 125 12500176 
node1 126 12600146 
node1 127 12700025 
node1 128 12800228 
node1 129 12900040 
node1 130 13000166 
node1 131 13100032 
node1 132 13200189 
node1 133 13300195 
node1 134 13400045 
node1 135 13500050 
node1 136 13600008 
node1 137 13700004 
node1 138 13800051 
node1 139 13900005 
node1 140 13999981 
node1 141 14100053 
node1 142 14200130 
node1 143 14300065 
node1 144 14400046 
node1 145 14499968 
node1 146 14600008 
node1 147 14700131 
node1 148 14800049 
node1 149 14900291 
node1 150 15000394 
node1 151 15100088 
node1 152 15200128 
node1 153 15300412 
node1 154 15400309 
node1 155 15500200 
node1 156 15600323 
node1 157 15700117 
node1 158 15800321 
node1 159 15900015 
node1 160 16000316 
node1 161 16100157 
node1 162 16199882 
node1 163 16299912 
node1 164 16400039 
node1 165 16500324 
node1 166 16600319 
node1 167 16700267 
node1 168 16800295 
node1 169 16900283 
node1 170 17000078 
node1 171 17099881 
node1 172 17200007 
node1 173 17300014 
node1 174 17400550 
node1 175 17500125 
node1 176 17600407 
node1 177 17700023 
node1 178 17800199 
node1 179 17900317 
node1 180 18000326 
node1 181 18100301 
node1 182 18200220 
node1 183 18300329 
node1 184 18400308 
node1 185 18500325 
node1 186 18600409 
node1 187 18700089 
node1 188 18800375 
node1 189 18900407 
node1 190 19000311 
node1 191 19100356 
node1 192 19200093 
node1 193 19300225 
node1 194 19400314 
node1 195 19500244 
node1 196 19599931 
node1 197 19700233 
node1 198 19800320 
node1 199 19900207 
node2 0 863 11907 
node2 1 356 11369 
node2 2 704 8720 
node2 3 526 14540 
node2 4 816 8834 
node2 5 709 15728 
node2 6 646 15662 
node2 7 212 8220 
node2 8 284 8294 
node2 9 244 15252 
node2 10 615 8631 
node2 11 765 5783 
node2 12 784 6802 
node2 13 865 12892 
node2 14 777 6796 
node2 15 788 7813 
node2 16 731 14748 
node2 17 698 8715 
node2 18 320 15328 
node2 19 688 13706 
node2 20 689 15705 
node2 21 692 14709 
node2 22 652 11668 
node2 23 729 14747 
node2 24 679 5696 
node2 25 546 12569 
node2 26 694 9712 
node2 27 694 6714 
node2 28 654 12669 
node2 29 678 12701 
node2 30 680 13700 
node2 31 658 10681 
node2 32 720 6736 
node2 33 843 10861 
node2 34 749 14767 
node2 35 703 14721 
node2 36 675 6697 
node2 37 684 14706 
node2 38 692 6712 
node2 39 667 6684 
node2 40 691 5709 
node2 41 694 11712 
node2 42 698 8717 
node2 43 695 8714 
node2 44 684 10702 
node2 45 692 8713 
node2 46 739 12761 
node2 47 990 9020 
node2 48 266 6284 
node2 49 557 5576 
node2 50 731 11766 
node2 51 1119 7140 
node2 52 666 8689 
node2 53 672 14692 
node2 54 657 8672 
node2 55 708 7727 
node2 56 261 9270 
node2 57 303 14317 
node2 58 534 12556 
node2 59 815 7846 
node2 60 372 7390 
node2 61 835 12867 
node2 62 887 8914 
node2 63 798 10820 
node2 64 789 7808 
node2 65 785 10810 
node2 66 763 12786 
node2 67 269 14284 
node2 68 765 9787 
node2 69 767 6785 
node2 70 760 15785 
node2 71 463 13483 
node2 72 377 5394 
node2 73 1021 15056 
node2 74 374 13393 
node2 75 300 11313 
node2 76 780 13804 
node2 77 496 10511 
node2 78 321 10331 
node2 79 348 11362 
node2 80 772 8789 
node2 81 961 14986 
node2 82 808 7828 
node2 83 798 12830 
node2 84 727 10740 
node2 85 782 15801 
node2 86 1025 13050 
node2 87 795 15819 
node2 88 773 10790 
node2 89 744 8763 
node2 90 773 14792 
node2 91 753 15772 
node2 92 815 11836 
node2 93 844 7865 
node2 94 771 8791 
node2 95 787 14807 
node2 96 776 13798 
node2 97 784 8803 
node2 98 755 8776 
node2 99 765 11789 
node2 100 766 10789 
node2 101 765 13784 
node2 102 776 14799 
node2 103 728 5752 
node2 104 757 13779 
node2 105 942 8961 
node2 106 766 15788 
node2 107 840 14858 
node2 108 900 7923 
node2 109 772 7795 
node2 110 777 7803 
node2 111 786 11809 
node2 112 801 5825 
node2 113 756 12781 
node2 114 772 5793 
node2 115 385 14402 
node2 116 689 15711 
node2 117 682 11703 
node2 118 670 8686 
node2 119 756 13782 
node2 120 268 10276 
node2 121 704 10719 
node2 122 704 12727 
node2 123 671 5691 
node2 124 688 9709 
node2 125 680 5698 
node2 126 674 6690 
node2 127 650 8674 
node2 128 772 6792 
node2 129 701 13730 
node2 130 683 14700 
node2 131 689 12705 
node2 132 689 12705 
node2 133 686 6701 
node2 134 686 8701 
node2 135 688 11706 
node2 136 677 11692 
node2 137 692 9708 
node2 138 686 6701 
node2 139 660 11680 
node2 140 681 14698 
node2 141 698 6713 
node2 142 736 8752 
node2 143 692 11706 
node2 144 695 15712 
node2 145 405 14420 
node2 146 698 8714 
node2 147 735 8752 
node2 148 737 14756 
node2 149 719 8737 
node2 150 697 9713 
node2 151 648 6664 
node2 152 744 5759 
node2 153 723 8741 
node2 154 870 12886 
node2 155 699 9716 
node2 156 806 11823 
node2 157 736 9752 
node2 158 749 11767 
node2 159 888 9907 
node2 160 707 8728 
node2 161 860 12880 
node2 162 269 6277 
node2 163 520 14547 
node2 164 740 11755 
node2 165 773 5790 
node2 166 684 6700 
node2 167 721 14738 
node2 168 791 15812 
node2 169 828 5850 
node2 170 815 11836 
node2 171 265 10278 
node2 172 742 13764 
node2 173 693 13725 
node2 174 969 5988 
node2 175 713 15743 
node2 176 829 12852 
node2 177 693 14715 
node2 178 492 6509 
node2 179 703 13725 
node2 180 690 14711 
node2 181 923 7941 
node2 182 794 8815 
node2 183 674 11695 
node2 184 685 15704 
node2 185 685 13705 
node2 186 757 8778 
node2 187 768 14799 
node2 188 732 13756 
node2 189 726 13749 
node2 190 673 9694 
node2 191 664 8685 
node2 192 731 14752 
node2 193 670 14690 
node2 194 678 5693 
node2 195 753 10773 
node2 196 271 8279 
node2 197 458 10472 
node2 198 689 6705 
node2 199 372 11396 
node3 0 12445 30456 
node3 1 11708 24712 
node3 2 9240 21253 
node3 3 15093 34103 
node3 4 9366 26378 
node3 5 16251 27263 
node3 6 16165 24175 
node3 7 8489 13493 
node3 8 8603 20610 
node3 9 15464 35468 
node3 10 9150 15162 
node3 11 6270 20281 
node3 12 7293 25303 
node3 13 13534 28552 
node3 14 7349 22360 
node3 15 8503 20515 
node3 16 14984 34990 
node3 17 9215 20226 
node3 18 15584 24589 
node3 19 14277 25290 
node3 20 16229 32242 
node3 21 15222 23232 
node3 22 12150 26173 
node3 23 15264 27275 
node3 24 6195 20206 
node3 25 13335 31348 
node3 26 10219 24231 
node3 27 7254 15269 
node3 28 12922 32927 
node3 29 13311 25322 
node3 30 14237 28248 
node3 31 11299 26316 
node3 32 7262 18275 
node3 33 11403 29417 
node3 34 15310 23321 
node3 35 15250 31261 
node3 36 7232 12242 
node3 37 15287 27307 
node3 38 7248 14264 
node3 39 7199 22213 
node3 40 6234 16248 
node3 41 12252 23266 
node3 42 9248 26262 
node3 43 9293 27313 
node3 44 11230 25241 
node3 45 9253 29270 
node3 46 13292 31305 
node3 47 9652 26673 
node3 48 6894 25917 
node3 49 6173 11188 
node3 50 12654 17679 
node3 51 7812 26831 
node3 52 9553 24575 
node3 53 15333 23343 
node3 54 9243 18268 
node3 55 8305 19325 
node3 56 9604 29614 
node3 57 14694 34705 
node3 58 13221 27233 
node3 59 8823 16859 
node3 60 7974 19992 
node3 61 13631 18651 
node3 62 9682 27735 
node3 63 11432 26445 
node3 64 8393 22405 
node3 65 11398 31410 
node3 66 13377 23390 
node3 67 14706 25712 
node3 68 10414 15435 
node3 69 7517 21536 
node3 70 16398 25412 
node3 71 14010 25027 
node3 72 5797 17816 
node3 73 15823 20849 
node3 74 13941 24956 
node3 75 11664 24675 
node3 76 14404 24422 
node3 77 10871 30881 
node3 78 10620 24629 
node3 79 11791 29798 
node3 80 9350 25369 
node3 81 15673 35685 
node3 82 8453 13469 
node3 83 13660 33676 
node3 84 11069 22078 
node3 85 16388 30405 
node3 86 13689 18700 
node3 87 16498 28510 
node3 88 11356 22375 
node3 89 9338 20349 
node3 90 15349 33358 
node3 91 16055 29062 
node3 92 12483 23499 
node3 93 8578 21595 
node3 94 9355 14368 
node3 95 15388 29405 
node3 96 14378 19389 
node3 97 9382 25396 
node3 98 9344 29359 
node3 99 12405 27418 
node3 100 11381 16391 
node3 101 14032 21037 
node3 102 15404 27435 
node3 103 6445 17472 
node3 104 14368 26381 
node3 105 9530 18546 
node3 106 16336 31348 
node3 107 15405 21419 
node3 108 8585 28602 
node3 109 8422 14433 
node3 110 8434 13447 
node3 111 12363 24378 
node3 112 6346 21363 
node3 113 13323 25340 
node3 114 6454 21473 
node3 115 14761 30770 
node3 116 16316 28328 
node3 117 12258 32275 
node3 118 9195 14210 
node3 119 14544 31561 
node3 120 10579 16589 
node3 121 11219 27234 
node3 122 13261 27276 
node3 123 6201 19215 
node3 124 10263 16279 
node3 125 6193 25211 
node3 126 7179 20197 
node3 127 9348 24365 
node3 128 7299 20310 
node3 129 14475 33492 
node3 130 15208 34224 
node3 131 13214 27227 
node3 132 13208 27222 
node3 133 7196 17206 
node3 134 9206 19217 
node3 135 12213 29224 
node3 136 12178 20189 
node3 137 10198 27212 
node3 138 7200 13211 
node3 139 12049 23058 
node3 140 15190 28200 
node3 141 7236 14245 
node3 142 9250 16273 
node3 143 12190 32199 
node3 144 16205 28216 
node3 145 14892 29905 
node3 146 9201 24216 
node3 147 9263 29276 
node3 148 15276 34291 
node3 149 9539 28555 
node3 150 10212 23229 
node3 151 7259 16285 
node3 152 6244 23258 
node3 153 9236 19248 
node3 154 13395 19408 
node3 155 10203 16213 
node3 156 12339 21352 
node3 157 10253 30264 
node3 158 12283 20297 
node3 159 10409 23421 
node3 160 9264 14275 
node3 161 13443 25463 
node3 162 6576 18583 
node3 163 15233 22245 
node3 164 12265 24276 
node3 165 6302 18311 
node3 166 7219 23233 
node3 167 15256 35266 
node3 168 16404 35415 
node3 169 6396 14415 
node3 170 12374 21386 
node3 171 10613 17619 
node3 172 14303 33315 
node3 173 14495 25514 
node3 174 6504 26520 
node3 175 16529 28548 
node3 176 13382 31394 
node3 177 15243 35254 
node3 178 7027 22038 
node3 179 14268 24279 
node3 180 15255 32264 
node3 181 8516 28536 
node3 182 9491 29519 
node3 183 12246 25264 
node3 184 16267 30285 
node3 185 14229 29244 
node3 186 9298 23311 
node3 187 15556 28572 
node3 188 14285 24301 
node3 189 14275 33288 
node3 190 10211 21226 
node3 191 9242 18258 
node3 192 15294 22307 
node3 193 15213 29228 
node3 194 6184 14196 
node3 195 11285 30302 
node3 196 8606 27616 
node3 197 10893 15902 
node3 198 7202 19215 
node3 199 11971 29986 
node4 0 30788 
node4 1 24887 
node4 2 21735 
node4 3 34433 
node4 4 26859 
node4 5 27823 
node4 6 24663 
node4 7 13653 
node4 8 20892 
node4 9 35606 
node4 10 15617 
node4 11 20741 
node4 12 25762 
node4 13 28896 
node4 14 22818 
node4 15 20996 
node4 16 35169 
node4 17 20687 
node4 18 24807 
node4 19 25773 
node4 20 32749 
node4 21 23690 
node4 22 26656 
node4 23 27735 
node4 24 20685 
node4 25 31688 
node4 26 24704 
node4 27 15770 
node4 28 33107 
node4 29 25789 
node4 30 28725 
node4 31 26829 
node4 32 18751 
node4 33 29921 
node4 34 23779 
node4 35 31594 
node4 36 12706 
node4 37 27911 
node4 38 14766 
node4 39 22717 
node4 40 16749 
node4 41 23766 
node4 42 26764 
node4 43 27939 
node4 44 25705 
node4 45 29778 
node4 46 31785 
node4 47 27478 
node4 48 26250 
node4 49 11782 
node4 50 18754 
node4 51 27236 
node4 52 25109 
node4 53 23608 
node4 54 19358 
node4 55 19951 
node4 56 29948 
node4 57 35048 
node4 58 27645 
node4 59 18109 
node4 60 20467 
node4 61 19530 
node4 62 28330 
node4 63 26960 
node4 64 22935 
node4 65 31723 
node4 66 23917 
node4 67 26044 
node4 68 16154 
node4 69 22106 
node4 70 25941 
node4 71 25366 
node4 72 18459 
node4 73 21590 
node4 74 25366 
node4 75 24996 
node4 76 24982 
node4 77 31197 
node4 78 24902 
node4 79 30025 
node4 80 25944 
node4 81 35992 
node4 82 14040 
node4 83 34223 
node4 84 22418 
node4 85 31016 
node4 86 19227 
node4 87 29046 
node4 88 22984 
node4 89 20881 
node4 90 33695 
node4 91 29345 
node4 92 24118 
node4 93 22368 
node4 94 14892 
node4 95 30034 
node4 96 19915 
node4 97 25943 
node4 98 29919 
node4 99 27966 
node4 100 16922 
node4 101 21208 
node4 102 27956 
node4 103 18255 
node4 104 26843 
node4 105 19123 
node4 106 31753 
node4 107 21917 
node4 108 29110 
node4 109 14895 
node4 110 13978 
node4 111 24888 
node4 112 21868 
node4 113 25898 
node4 114 21982 
node4 115 31035 
node4 116 28842 
node4 117 32726 
node4 118 14960 
node4 119 31928 
node4 120 16954 
node4 121 27761 
node4 122 27782 
node4 123 19775 
node4 124 16787 
node4 125 25732 
node4 126 20694 
node4 127 24746 
node4 128 20838 
node4 129 33809 
node4 130 34630 
node4 131 27706 
node4 132 27697 
node4 133 17665 
node4 134 19687 
node4 135 29708 
node4 136 20673 
node4 137 27683 
node4 138 13681 
node4 139 23336 
node4 140 28697 
node4 141 14710 
node4 142 16736 
node4 143 32527 
node4 144 28704 
node4 145 30353 
node4 146 24735 
node4 147 29613 
node4 148 34647 
node4 149 29065 
node4 150 23729 
node4 151 17007 
node4 152 23751 
node4 153 19742 
node4 154 19900 
node4 155 16675 
node4 156 21843 
node4 157 30592 
node4 158 20807 
node4 159 23920 
node4 160 14736 
node4 161 26706 
node4 162 18879 
node4 163 22563 
node4 164 24746 
node4 165 18772 
node4 166 23713 
node4 167 35573 
node4 168 35701 
node4 169 14984 
node4 170 21862 
node4 171 17809 
node4 172 33587 
node4 173 26105 
node4 174 27063 
node4 175 29061 
node4 176 31737 
node4 177 35515 
node4 178 22480 
node4 179 24756 
node4 180 32461 
node4 181 29161 
node4 182 29865 
node4 183 25897 
node4 184 30802 
node4 185 29775 
node4 186 23785 
node4 187 28899 
node4 188 24824 
node4 189 33632 
node4 190 21726 
node4 191 18760 
node4 192 22862 
node4 193 29737 
node4 194 14686 
node4 195 30866 
node4 196 27927 
node4 197 16287 
node4 198 19705 
