node1 0 0 
node1 1 100020 
node1 2 200033 
node1 3 300030 
node1 4 400028 
node1 5 500173 
node1 6 600260 
node1 7 699814 
node1 8 799780 
node1 9 899914 
node1 10 999969 
node1 11 1100034 
node1 12 1200265 
node1 13 1300033 
node1 14 1400032 
node1 15 1499996 
node1 16 1600030 
node1 17 1700000 
node1 18 1800042 
node1 19 1899967 
node1 20 1999971 
node1 21 2100045 
node1 22 2199965 
node1 23 2299989 
node1 24 2400022 
node1 25 2500022 
node1 26 2600045 
node1 27 2700072 
node1 28 2800047 
node1 29 2900149 
node1 30 3000054 
node1 31 3100004 
node1 32 3200066 
node1 33 3300025 
node1 34 3400220 
node1 35 3500204 
node1 36 3600288 
node1 37 3700046 
node1 38 3800051 
node1 39 3900054 
node1 40 4000051 
node1 41 4100052 
node1 42 4200065 
node1 43 4300026 
node1 44 4400072 
node1 45 4500058 
node1 46 4600302 
node1 47 4700066 
node1 48 4800224 
node1 49 4900061 
node1 50 5000012 
node1 51 5100043 
node1 52 5200064 
node1 53 5299973 
node1 54 5400034 
node1 55 5500051 
node1 56 5600043 
node1 57 5700097 
node1 58 5800048 
node1 59 5900029 
node1 60 6000078 
node1 61 6100082 
node1 62 6200090 
node1 63 6300116 
node1 64 6399883 
node1 65 6499930 
node1 66 6599889 
node1 67 6699854 
node1 68 6800059 
node1 69 6900164 
node1 70 7000069 
node1 71 7099943 
node1 72 7200087 
node1 73 7300267 
node1 74 7400049 
node1 75 7500272 
node1 76 7600074 
node1 77 7700113 
node1 78 7800196 
node1 79 7899875 
node1 80 7999954 
node1 81 8100034 
node1 82 8200089 
node1 83 8299921 
node1 84 8400131 
node1 85 8500132 
node1 86 8600257 
node1 87 8700104 
node1 88 8800269 
node1 89 8900257 
node1 90 9000259 
node1 91 9100281 
node1 92 9200102 
node1 93 9300274 
node1 94 9400272 
node1 95 9500281 
node1 96 9600205 
node1 97 9700102 
node1 98 9800335 
node1 99 9900340 
node1 100 10000275 
node1 101 10100255 
node1 102 10200081 
node1 103 10300144 
node1 104 10400111 
node1 105 10500116 
node1 106 10600251 
node1 107 10700158 
node1 108 10800105 
node1 109 10900228 
node1 110 11000235 
node1 111 11100148 
node1 112 11200121 
node1 113 11300080 
node1 114 11400257 
node1 115 11500234 
node1 116 11600237 
node1 117 11700073 
node1 118 11800075 
node1 119 11900085 
node1 120 12000076 
node1 121 12099967 
node1 122 12200072 
node1 123 12300054 
node1 124 12399992 
node1 125 12500044 
node1 126 12600282 
node1 127 12700141 
node1 128 12800369 
node1 129 12900138 
node1 130 13000127 
node1 131 13100372 
node1 132 13200097 
node1 133 13300145 
node1 134 13400297 
node1 135 13499932 
node1 136 13599963 
node1 137 13699982 
node1 138 13799984 
node1 139 13899980 
node1 140 14000084 
node1 141 14100153 
node1 142 14200160 
node1 143 14300146 
node1 144 14400139 
node1 145 14500143 
node1 146 14600095 
node1 147 14700337 
node1 148 14800323 
node1 149 14900310 
node1 150 15000317 
node1 151 15100257 
node1 152 15200174 
node1 153 15300155 
node1 154 15400328 
node1 155 15500160 
node1 156 15600178 
node1 157 15700160 
node1 158 15800332 
node1 159 15900321 
node1 160 16000288 
node1 161 16100357 
node1 162 16199973 
node1 163 16300036 
node1 164 16399930 
node1 165 16500020 
node1 166 16600049 
node1 167 16700161 
node1 168 16800282 
node1 169 16900246 
node1 170 17000350 
node1 171 17099971 
node1 172 17200369 
node1 173 17300172 
node1 174 17400253 
node1 175 17500340 
node1 176 17600336 
node1 177 17700171 
node1 178 17800342 
node1 179 17900326 
node1 180 18000353 
node1 181 18100228 
node1 182 18200169 
node1 183 18300137 
node1 184 18400140 
node1 185 18500357 
node1 186 18600365 
node1 187 18700189 
node1 188 18800129 
node1 189 18900338 
node1 190 19000370 
node1 191 19100299 
node1 192 19200350 
node1 193 19300290 
node1 194 19400172 
node1 195 19500162 
node1 196 19600276 
node1 197 19700155 
node1 198 19800391 
node1 199 19900396 
node2 0 740 9779 
node2 1 769 9794 
node2 2 788 15807 
node2 3 783 13802 
node2 4 788 12810 
node2 5 766 11786 
node2 6 771 14796 
node2 7 225 12231 
node2 8 296 15307 
node2 9 360 6369 
node2 10 769 15787 
node2 11 779 6795 
node2 12 767 11784 
node2 13 772 7791 
node2 14 771 8790 
node2 15 1105 8140 
node2 16 1016 7046 
node2 17 1069 15106 
node2 18 972 9004 
node2 19 514 15530 
node2 20 819 14845 
node2 21 820 7841 
node2 22 756 6780 
node2 23 825 8853 
node2 24 1140 9167 
node2 25 880 15909 
node2 26 767 8802 
node2 27 758 14783 
node2 28 782 11807 
node2 29 864 14885 
node2 30 843 12869 
node2 31 808 11832 
node2 32 782 15807 
node2 33 828 10861 
node2 34 779 6802 
node2 35 767 6786 
node2 36 773 12793 
node2 37 764 8788 
node2 38 769 12797 
node2 39 774 7794 
node2 40 773 15791 
node2 41 778 5800 
node2 42 775 5793 
node2 43 768 5786 
node2 44 764 6793 
node2 45 768 14788 
node2 46 772 6789 
node2 47 779 10799 
node2 48 773 14790 
node2 49 775 6794 
node2 50 843 11865 
node2 51 943 11970 
node2 52 685 5708 
node2 53 661 15690 
node2 54 773 9801 
node2 55 834 7861 
node2 56 730 9757 
node2 57 676 10701 
node2 58 736 6758 
node2 59 824 13854 
node2 60 754 10780 
node2 61 964 12997 
node2 62 781 7806 
node2 63 784 15807 
node2 64 391 14413 
node2 65 434 9449 
node2 66 336 10353 
node2 67 303 6318 
node2 68 1166 13208 
node2 69 874 8911 
node2 70 1080 9115 
node2 71 491 7501 
node2 72 821 7845 
node2 73 795 8815 
node2 74 1180 10207 
node2 75 777 8794 
node2 76 1060 13092 
node2 77 753 14771 
node2 78 772 6796 
node2 79 357 10367 
node2 80 265 10278 
node2 81 930 9967 
node2 82 1023 13049 
node2 83 259 13275 
node2 84 1266 8292 
node2 85 748 10766 
node2 86 782 7803 
node2 87 782 11801 
node2 88 772 5793 
node2 89 767 14784 
node2 90 774 15794 
node2 91 826 10845 
node2 92 784 6803 
node2 93 821 5841 
node2 94 768 9792 
node2 95 768 11792 
node2 96 770 5789 
node2 97 761 12785 
node2 98 788 6804 
node2 99 775 14795 
node2 100 768 10789 
node2 101 783 7803 
node2 102 796 6814 
node2 103 925 8943 
node2 104 962 14984 
node2 105 772 14790 
node2 106 677 8693 
node2 107 781 12800 
node2 108 777 13801 
node2 109 679 15699 
node2 110 675 7690 
node2 111 725 10746 
node2 112 821 11840 
node2 113 747 5763 
node2 114 677 6696 
node2 115 674 6691 
node2 116 682 12700 
node2 117 689 6705 
node2 118 655 15675 
node2 119 666 11692 
node2 120 685 12705 
node2 121 483 11502 
node2 122 753 9791 
node2 123 856 10879 
node2 124 459 12492 
node2 125 530 12550 
node2 126 771 13796 
node2 127 775 5794 
node2 128 770 5791 
node2 129 777 9797 
node2 130 752 5772 
node2 131 770 13789 
node2 132 757 6776 
node2 133 796 5827 
node2 134 768 15787 
node2 135 364 14386 
node2 136 319 11335 
node2 137 370 9386 
node2 138 368 9381 
node2 139 468 10479 
node2 140 774 10794 
node2 141 798 8817 
node2 142 843 6863 
node2 143 755 7776 
node2 144 743 9762 
node2 145 771 7793 
node2 146 770 7788 
node2 147 772 5790 
node2 148 774 12791 
node2 149 770 15788 
node2 150 770 11791 
node2 151 778 10797 
node2 152 981 9004 
node2 153 787 7810 
node2 154 786 13806 
node2 155 787 11806 
node2 156 767 15786 
node2 157 780 10798 
node2 158 770 15787 
node2 159 789 13810 
node2 160 678 9694 
node2 161 683 6698 
node2 162 390 11402 
node2 163 328 5911 
node2 164 338 5345 
node2 165 384 7394 
node2 166 464 13481 
node2 167 782 12801 
node2 168 772 10790 
node2 169 767 8786 
node2 170 815 11833 
node2 171 371 14379 
node2 172 717 13738 
node2 173 784 5806 
node2 174 771 10790 
node2 175 769 15789 
node2 176 766 8794 
node2 177 770 13793 
node2 178 770 7795 
node2 179 768 14790 
node2 180 772 10801 
node2 181 286 13293 
node2 182 988 8007 
node2 183 745 11767 
node2 184 818 15837 
node2 185 776 10795 
node2 186 774 12792 
node2 187 785 15802 
node2 188 764 15783 
node2 189 685 7702 
node2 190 805 13824 
node2 191 858 15877 
node2 192 801 12822 
node2 193 768 12790 
node2 194 662 14678 
node2 195 690 9707 
node2 196 781 15802 
node2 197 687 5703 
node2 198 690 10708 
node2 199 692 5708 
node3 0 10276 28289 
node3 1 10362 16372 
node3 2 16392 25404 
node3 3 14395 30407 
node3 4 13422 32435 
node3 5 12351 27363 
node3 6 15430 30445 
node3 7 12390 30400 
node3 8 15602 24609 
node3 9 6618 24624 
node3 10 16346 21359 
node3 11 7374 20386 
node3 12 12354 26367 
node3 13 8354 23375 
node3 14 9357 16371 
node3 15 9396 24419 
node3 16 7770 27792 
node3 17 16215 33249 
node3 18 9744 22776 
node3 19 15888 25899 
node3 20 15575 31598 
node3 21 8495 15511 
node3 22 7472 12487 
node3 23 9568 23591 
node3 24 9872 28895 
node3 25 16727 26748 
node3 26 9676 18710 
node3 27 15445 32458 
node3 28 12413 32425 
node3 29 15488 33500 
node3 30 13603 26624 
node3 31 12495 26516 
node3 32 16419 23441 
node3 33 11863 22880 
node3 34 7404 21419 
node3 35 7367 20385 
node3 36 13372 23387 
node3 37 9564 23586 
node3 38 13552 22573 
node3 39 8363 16376 
node3 40 16359 31371 
node3 41 6398 24413 
node3 42 6379 21393 
node3 43 6374 13389 
node3 44 7519 12542 
node3 45 15361 29371 
node3 46 7356 17368 
node3 47 11361 23375 
node3 48 15286 29296 
node3 49 7357 22382 
node3 50 12292 28305 
node3 51 12461 24476 
node3 52 6337 13366 
node3 53 16531 27552 
node3 54 10596 22619 
node3 55 8578 14595 
node3 56 10439 30456 
node3 57 11566 27586 
node3 58 7362 21384 
node3 59 14560 29578 
node3 60 11565 22578 
node3 61 13778 29800 
node3 62 8416 13430 
node3 63 16413 34424 
node3 64 15048 30065 
node3 65 9785 17799 
node3 66 10711 26725 
node3 67 6740 14755 
node3 68 14231 34267 
node3 69 9959 23995 
node3 70 10097 19131 
node3 71 7768 18777 
node3 72 8474 23488 
node3 73 9380 18395 
node3 74 10865 23882 
node3 75 9360 26376 
node3 76 14218 31244 
node3 77 15341 23361 
node3 78 7434 12448 
node3 79 10683 19693 
node3 80 10706 23720 
node3 81 11118 22149 
node3 82 13517 21534 
node3 83 13589 26601 
node3 84 9026 24042 
node3 85 11333 24346 
node3 86 8384 28399 
node3 87 12384 26397 
node3 88 6388 13400 
node3 89 15353 28367 
node3 90 16367 24379 
node3 91 11422 18435 
node3 92 7366 21378 
node3 93 6433 26447 
node3 94 10434 22449 
node3 95 12399 30413 
node3 96 6381 19399 
node3 97 13384 19396 
node3 98 7369 24386 
node3 99 15339 25349 
node3 100 11368 19385 
node3 101 8382 24398 
node3 102 7476 18494 
node3 103 9518 15531 
node3 104 15284 20291 
node3 105 15296 31309 
node3 106 9191 17203 
node3 107 13309 27320 
node3 108 14358 26370 
node3 109 16239 33249 
node3 110 8296 26315 
node3 111 11277 16287 
node3 112 12374 30387 
node3 113 6295 24311 
node3 114 7203 22219 
node3 115 7186 19198 
node3 116 13203 25214 
node3 117 7195 25206 
node3 118 16205 36217 
node3 119 12130 24140 
node3 120 13232 32245 
node3 121 11908 30922 
node3 122 10419 21435 
node3 123 11392 23406 
node3 124 13171 30189 
node3 125 12958 17964 
node3 126 14437 19457 
node3 127 6433 11446 
node3 128 6395 13408 
node3 129 10402 19414 
node3 130 6392 21418 
node3 131 14436 31447 
node3 132 7406 12425 
node3 133 6673 20692 
node3 134 16291 32302 
node3 135 14945 33962 
node3 136 11721 19736 
node3 137 9755 19763 
node3 138 9746 19762 
node3 139 10836 27848 
node3 140 11434 25451 
node3 141 9395 16409 
node3 142 7435 21452 
node3 143 8369 26383 
node3 144 10354 17366 
node3 145 8378 23390 
node3 146 8348 18362 
node3 147 6397 16409 
node3 148 13358 21372 
node3 149 16282 26293 
node3 150 12359 22370 
node3 151 11379 30392 
node3 152 9616 26634 
node3 153 8434 25450 
node3 154 14417 32432 
node3 155 12314 28326 
node3 156 16290 31300 
node3 157 11300 25311 
node3 158 16280 25291 
node3 159 14348 32360 
node3 160 10202 15212 
node3 161 7192 14203 
node3 162 11842 23853 
node3 163 6125 24137 
node3 164 5606 12617 
node3 165 7726 15744 
node3 166 13976 25985 
node3 167 13379 33390 
node3 168 11357 16368 
node3 169 9349 28363 
node3 170 12411 21422 
node3 171 14555 29559 
node3 172 14322 27334 
node3 173 6434 12445 
node3 174 11368 22382 
node3 175 16290 27304 
node3 176 9581 14601 
node3 177 14420 30433 
node3 178 8397 17408 
node3 179 15371 23387 
node3 180 11635 24661 
node3 181 13453 19456 
node3 182 8616 26631 
node3 183 12363 23375 
node3 184 16405 21419 
node3 185 11374 31387 
node3 186 13295 18308 
node3 187 16299 27310 
node3 188 16264 32276 
node3 189 8201 14212 
node3 190 14534 20553 
node3 191 16400 24416 
node3 192 13359 25375 
node3 193 13297 26308 
node3 194 15179 24190 
node3 195 10231 25242 
node3 196 16305 28317 
node3 197 6220 21230 
node3 198 11217 31233 
node3 199 6234 26248 
node4 0 28754 
node4 1 16847 
node4 2 25877 
node4 3 30722 
node4 4 32781 
node4 5 27832 
node4 6 30730 
node4 7 30697 
node4 8 24882 
node4 9 24851 
node4 10 21896 
node4 11 20931 
node4 12 26903 
node4 13 23986 
node4 14 16917 
node4 15 24793 
node4 16 28504 
node4 17 33911 
node4 18 23849 
node4 19 26201 
node4 20 31930 
node4 21 16165 
node4 22 13054 
node4 23 24154 
node4 24 29490 
node4 25 27334 
node4 26 19556 
node4 27 32738 
node4 28 32776 
node4 29 33839 
node4 30 27245 
node4 31 27188 
node4 32 24096 
node4 33 23307 
node4 34 21967 
node4 35 20984 
node4 36 23927 
node4 37 24154 
node4 38 23130 
node4 39 16909 
node4 40 31904 
node4 41 24972 
node4 42 21941 
node4 43 13929 
node4 44 13165 
node4 45 29684 
node4 46 17831 
node4 47 23842 
node4 48 29763 
node4 49 23132 
node4 50 28634 
node4 51 24849 
node4 52 14153 
node4 53 28001 
node4 54 23270 
node4 55 15197 
node4 56 30836 
node4 57 28043 
node4 58 22039 
node4 59 29962 
node4 60 22933 
node4 61 30236 
node4 62 13965 
node4 63 34740 
node4 64 30516 
node4 65 18109 
node4 66 27118 
node4 67 15158 
node4 68 35492 
node4 69 25269 
node4 70 20036 
node4 71 19060 
node4 72 24041 
node4 73 18942 
node4 74 24444 
node4 75 26926 
node4 76 31938 
node4 77 23949 
node4 78 13037 
node4 79 20019 
node4 80 24091 
node4 81 22639 
node4 82 21964 
node4 83 26925 
node4 84 24359 
node4 85 24883 
node4 86 28955 
node4 87 26945 
node4 88 13933 
node4 89 28903 
node4 90 24914 
node4 91 18966 
node4 92 21913 
node4 93 26912 
node4 94 23032 
node4 95 30906 
node4 96 19986 
node4 97 19933 
node4 98 24909 
node4 99 25818 
node4 100 19906 
node4 101 24903 
node4 102 19017 
node4 103 16030 
node4 104 20501 
node4 105 31646 
node4 106 17685 
node4 107 27785 
node4 108 26848 
node4 109 33569 
node4 110 26848 
node4 111 16759 
node4 112 30739 
node4 113 24820 
node4 114 22723 
node4 115 19680 
node4 116 25683 
node4 117 25684 
node4 118 36488 
node4 119 24396 
node4 120 32592 
node4 121 31236 
node4 122 21799 
node4 123 23729 
node4 124 30651 
node4 125 18178 
node4 126 19973 
node4 127 11996 
node4 128 13869 
node4 129 19881 
node4 130 22202 
node4 131 31771 
node4 132 13031 
node4 133 21337 
node4 134 32780 
node4 135 34241 
node4 136 20145 
node4 137 20033 
node4 138 20197 
node4 139 28191 
node4 140 25968 
node4 141 16973 
node4 142 22044 
node4 143 27007 
node4 144 17903 
node4 145 23927 
node4 146 18896 
node4 147 16958 
node4 148 21908 
node4 149 26762 
node4 150 22838 
node4 151 30758 
node4 152 27166 
node4 153 25961 
node4 154 32771 
node4 155 28645 
node4 156 31623 
node4 157 25777 
node4 158 25760 
node4 159 32684 
node4 160 15675 
node4 161 14670 
node4 162 24231 
node4 163 24572 
node4 164 12931 
node4 165 16255 
node4 166 26325 
node4 167 33707 
node4 168 16834 
node4 169 28893 
node4 170 21953 
node4 171 29691 
node4 172 27801 
node4 173 12984 
node4 174 22890 
node4 175 27813 
node4 176 15541 
node4 177 30776 
node4 178 17878 
node4 179 23962 
node4 180 25616 
node4 181 19590 
node4 182 27112 
node4 183 23914 
node4 184 21882 
node4 185 31787 
node4 186 18776 
node4 187 27776 
node4 188 32586 
node4 189 14677 
node4 190 21077 
node4 191 24981 
node4 192 25894 
node4 193 26773 
node4 194 24652 
node4 195 25722 
node4 196 28783 
node4 197 21696 
node4 198 31746 
