TimerID Timer1 93826738461440
SubscriberID Subscriber1 93826739523520
SubscriberID Subscriber2 93826740697504
SubscriberID Subscriber3 93826741892592
StartTime 1684531683005240334
Timer 93826738461440 0 1684531683005240334
Timer 93826738461440 1 1684531683105227542
Timer 93826738461440 2 1684531683205223671
Timer 93826738461440 3 1684531683305478278
Timer 93826738461440 4 1684531683405476100
Timer 93826738461440 5 1684531683505289609
Timer 93826738461440 6 1684531683605457301
Timer 93826738461440 7 1684531683705502602
Timer 93826738461440 8 1684531683805414329
Timer 93826738461440 9 1684531683905237112
Timer 93826738461440 10 1684531684005407849
Timer 93826738461440 11 1684531684105382010
Timer 93826738461440 12 1684531684205425403
Timer 93826738461440 13 1684531684305354071
Timer 93826738461440 14 1684531684405511283
Timer 93826738461440 15 1684531684505398833
Timer 93826738461440 16 1684531684605357367
Timer 93826738461440 17 1684531684705401365
Timer 93826738461440 18 1684531684805396274
Timer 93826738461440 19 1684531684905390867
Timer 93826738461440 20 1684531685005400476
Timer 93826738461440 21 1684531685105353791
Timer 93826738461440 22 1684531685205398066
Timer 93826738461440 23 1684531685305405424
Timer 93826738461440 24 1684531685405262013
Timer 93826738461440 25 1684531685505265633
Timer 93826738461440 26 1684531685605319319
Timer 93826738461440 27 1684531685705391920
Timer 93826738461440 28 1684531685805329877
Timer 93826738461440 29 1684531685905286831
Timer 93826738461440 30 1684531686005304479
Timer 93826738461440 31 1684531686105281919
Timer 93826738461440 32 1684531686205274320
Timer 93826738461440 33 1684531686305291080
Timer 93826738461440 34 1684531686405322159
Timer 93826738461440 35 1684531686505284166
Timer 93826738461440 36 1684531686605293302
Timer 93826738461440 37 1684531686705298383
Timer 93826738461440 38 1684531686805294849
Timer 93826738461440 39 1684531686905252544
Timer 93826738461440 40 1684531687005516318
Timer 93826738461440 41 1684531687105541113
Timer 93826738461440 42 1684531687205291184
Timer 93826738461440 43 1684531687305291786
Timer 93826738461440 44 1684531687405446880
Timer 93826738461440 45 1684531687505522285
Timer 93826738461440 46 1684531687605539955
Timer 93826738461440 47 1684531687705565519
Timer 93826738461440 48 1684531687805560704
Timer 93826738461440 49 1684531687905473715
Timer 93826738461440 50 1684531688005417489
Timer 93826738461440 51 1684531688105518408
Timer 93826738461440 52 1684531688205524348
Timer 93826738461440 53 1684531688305281586
Timer 93826738461440 54 1684531688405556260
Timer 93826738461440 55 1684531688505514069
Timer 93826738461440 56 1684531688605292000
Timer 93826738461440 57 1684531688705549381
Timer 93826738461440 58 1684531688805531154
Timer 93826738461440 59 1684531688905526804
Timer 93826738461440 60 1684531689005529286
Timer 93826738461440 61 1684531689105535518
Timer 93826738461440 62 1684531689205539231
Timer 93826738461440 63 1684531689305546737
Timer 93826738461440 64 1684531689405531902
Timer 93826738461440 65 1684531689505541754
Timer 93826738461440 66 1684531689605527162
Timer 93826738461440 67 1684531689705537349
Timer 93826738461440 68 1684531689805538613
Timer 93826738461440 69 1684531689905541279
Timer 93826738461440 70 1684531690005530996
Timer 93826738461440 71 1684531690105538883
Timer 93826738461440 72 1684531690205535233
Timer 93826738461440 73 1684531690305513117
Timer 93826738461440 74 1684531690405298531
Timer 93826738461440 75 1684531690505543652
Timer 93826738461440 76 1684531690605543553
Timer 93826738461440 77 1684531690705490639
Timer 93826738461440 78 1684531690805396413
Timer 93826738461440 79 1684531690905551720
Timer 93826738461440 80 1684531691005307439
Timer 93826738461440 81 1684531691105552769
Timer 93826738461440 82 1684531691205549437
Timer 93826738461440 83 1684531691305552493
Timer 93826738461440 84 1684531691405550453
Timer 93826738461440 85 1684531691505289623
Timer 93826738461440 86 1684531691605567014
Timer 93826738461440 87 1684531691705546658
Timer 93826738461440 88 1684531691805563367
Timer 93826738461440 89 1684531691905558502
Timer 93826738461440 90 1684531692005270477
Timer 93826738461440 91 1684531692105323475
Timer 93826738461440 92 1684531692205560357
Timer 93826738461440 93 1684531692305565638
Timer 93826738461440 94 1684531692405489930
Timer 93826738461440 95 1684531692505354185
Timer 93826738461440 96 1684531692605390046
Timer 93826738461440 97 1684531692705574357
Timer 93826738461440 98 1684531692805558481
Timer 93826738461440 99 1684531692905560841
Subscriber 93826739523520 0 1684531683006199699
Subscriber 93826739523520 0 1684531683011261464
Subscriber 93826739523520 1 1684531683106123976
Subscriber 93826739523520 1 1684531683121164715
Subscriber 93826739523520 2 1684531683205979086
Subscriber 93826739523520 2 1684531683213018339
Subscriber 93826739523520 3 1684531683306351164
Subscriber 93826739523520 3 1684531683313382115
Subscriber 93826739523520 4 1684531683406344127
Subscriber 93826739523520 4 1684531683421410762
Subscriber 93826739523520 5 1684531683506141944
Subscriber 93826739523520 5 1684531683521173236
Subscriber 93826739523520 6 1684531683606377691
Subscriber 93826739523520 6 1684531683615408077
Subscriber 93826739523520 7 1684531683706343248
Subscriber 93826739523520 7 1684531683717371779
Subscriber 93826739523520 8 1684531683806256286
Subscriber 93826739523520 8 1684531683811286509
Subscriber 93826739523520 9 1684531683905982016
Subscriber 93826739523520 9 1684531683919010733
Subscriber 93826739523520 10 1684531684006253702
Subscriber 93826739523520 10 1684531684021287176
Subscriber 93826739523520 11 1684531684106223852
Subscriber 93826739523520 11 1684531684116251435
Subscriber 93826739523520 12 1684531684206283615
Subscriber 93826739523520 12 1684531684218311582
Subscriber 93826739523520 13 1684531684306210381
Subscriber 93826739523520 13 1684531684311237594
Subscriber 93826739523520 14 1684531684406437641
Subscriber 93826739523520 14 1684531684418471153
Subscriber 93826739523520 15 1684531684506240641
Subscriber 93826739523520 15 1684531684517273013
Subscriber 93826739523520 16 1684531684606225159
Subscriber 93826739523520 16 1684531684613256907
Subscriber 93826739523520 17 1684531684706241804
Subscriber 93826739523520 17 1684531684713274821
Subscriber 93826739523520 18 1684531684806241733
Subscriber 93826739523520 18 1684531684818274060
Subscriber 93826739523520 19 1684531684906235640
Subscriber 93826739523520 19 1684531684919267791
Subscriber 93826739523520 20 1684531685006150554
Subscriber 93826739523520 20 1684531685012174604
Subscriber 93826739523520 21 1684531685106198593
Subscriber 93826739523520 21 1684531685112227130
Subscriber 93826739523520 22 1684531685206299749
Subscriber 93826739523520 22 1684531685214327076
Subscriber 93826739523520 23 1684531685306247687
Subscriber 93826739523520 23 1684531685319278389
Subscriber 93826739523520 24 1684531685405977778
Subscriber 93826739523520 24 1684531685418003201
Subscriber 93826739523520 25 1684531685506010745
Subscriber 93826739523520 25 1684531685517035934
Subscriber 93826739523520 26 1684531685606063192
Subscriber 93826739523520 26 1684531685617089194
Subscriber 93826739523520 27 1684531685706232652
Subscriber 93826739523520 27 1684531685711261000
Subscriber 93826739523520 28 1684531685806094660
Subscriber 93826739523520 28 1684531685820123429
Subscriber 93826739523520 29 1684531685906077767
Subscriber 93826739523520 29 1684531685918105615
Subscriber 93826739523520 30 1684531686006101645
Subscriber 93826739523520 30 1684531686011126339
Subscriber 93826739523520 31 1684531686106102249
Subscriber 93826739523520 31 1684531686114130078
Subscriber 93826739523520 32 1684531686206030110
Subscriber 93826739523520 32 1684531686221054535
Subscriber 93826739523520 33 1684531686306158072
Subscriber 93826739523520 33 1684531686311186833
Subscriber 93826739523520 34 1684531686406157846
Subscriber 93826739523520 34 1684531686421185689
Subscriber 93826739523520 35 1684531686506011235
Subscriber 93826739523520 35 1684531686518036980
Subscriber 93826739523520 36 1684531686606069711
Subscriber 93826739523520 36 1684531686616093699
Subscriber 93826739523520 37 1684531686706078702
Subscriber 93826739523520 37 1684531686719105489
Subscriber 93826739523520 38 1684531686806070642
Subscriber 93826739523520 38 1684531686814096408
Subscriber 93826739523520 39 1684531686905982526
Subscriber 93826739523520 39 1684531686919005632
Subscriber 93826739523520 40 1684531687006346282
Subscriber 93826739523520 40 1684531687021374426
Subscriber 93826739523520 41 1684531687106369652
Subscriber 93826739523520 41 1684531687115396100
Subscriber 93826739523520 42 1684531687206054837
Subscriber 93826739523520 42 1684531687218081211
Subscriber 93826739523520 43 1684531687306101249
Subscriber 93826739523520 43 1684531687318126736
Subscriber 93826739523520 44 1684531687406250058
Subscriber 93826739523520 44 1684531687416275603
Subscriber 93826739523520 45 1684531687506440951
Subscriber 93826739523520 45 1684531687518466939
Subscriber 93826739523520 46 1684531687606355762
Subscriber 93826739523520 46 1684531687615382753
Subscriber 93826739523520 47 1684531687706360491
Subscriber 93826739523520 47 1684531687720387370
Subscriber 93826739523520 48 1684531687806361678
Subscriber 93826739523520 48 1684531687818389143
Subscriber 93826739523520 49 1684531687906280006
Subscriber 93826739523520 49 1684531687921307324
Subscriber 93826739523520 50 1684531688006276148
Subscriber 93826739523520 50 1684531688011303576
Subscriber 93826739523520 51 1684531688106468974
Subscriber 93826739523520 51 1684531688113495738
Subscriber 93826739523520 52 1684531688206476812
Subscriber 93826739523520 52 1684531688219505421
Subscriber 93826739523520 53 1684531688306205389
Subscriber 93826739523520 53 1684531688318231025
Subscriber 93826739523520 54 1684531688406577582
Subscriber 93826739523520 54 1684531688421603525
Subscriber 93826739523520 55 1684531688506393866
Subscriber 93826739523520 55 1684531688514419380
Subscriber 93826739523520 56 1684531688606133682
Subscriber 93826739523520 56 1684531688614161860
Subscriber 93826739523520 57 1684531688706429585
Subscriber 93826739523520 57 1684531688718454183
Subscriber 93826739523520 58 1684531688806385976
Subscriber 93826739523520 58 1684531688814416375
Subscriber 93826739523520 59 1684531688906309430
Subscriber 93826739523520 59 1684531688914336748
Subscriber 93826739523520 60 1684531689006502364
Subscriber 93826739523520 60 1684531689017531460
Subscriber 93826739523520 61 1684531689106397225
Subscriber 93826739523520 61 1684531689112424376
Subscriber 93826739523520 62 1684531689206487340
Subscriber 93826739523520 62 1684531689214513156
Subscriber 93826739523520 63 1684531689306294524
Subscriber 93826739523520 63 1684531689318321211
Subscriber 93826739523520 64 1684531689406273119
Subscriber 93826739523520 64 1684531689415298652
Subscriber 93826739523520 65 1684531689506272608
Subscriber 93826739523520 65 1684531689517299470
Subscriber 93826739523520 66 1684531689606270560
Subscriber 93826739523520 66 1684531689615295431
Subscriber 93826739523520 67 1684531689706280824
Subscriber 93826739523520 67 1684531689716307622
Subscriber 93826739523520 68 1684531689806278011
Subscriber 93826739523520 68 1684531689816304422
Subscriber 93826739523520 69 1684531689906278911
Subscriber 93826739523520 69 1684531689916305328
Subscriber 93826739523520 70 1684531690006283536
Subscriber 93826739523520 70 1684531690016311573
Subscriber 93826739523520 71 1684531690106280116
Subscriber 93826739523520 71 1684531690111304834
Subscriber 93826739523520 72 1684531690206274343
Subscriber 93826739523520 72 1684531690214299240
Subscriber 93826739523520 73 1684531690306250180
Subscriber 93826739523520 73 1684531690319275953
Subscriber 93826739523520 74 1684531690406044730
Subscriber 93826739523520 74 1684531690411071792
Subscriber 93826739523520 75 1684531690506306338
Subscriber 93826739523520 75 1684531690521332229
Subscriber 93826739523520 76 1684531690606283435
Subscriber 93826739523520 76 1684531690615310709
Subscriber 93826739523520 77 1684531690706222855
Subscriber 93826739523520 77 1684531690720250152
Subscriber 93826739523520 78 1684531690806138999
Subscriber 93826739523520 78 1684531690819162402
Subscriber 93826739523520 79 1684531690906287188
Subscriber 93826739523520 79 1684531690919312285
Subscriber 93826739523520 80 1684531691006023294
Subscriber 93826739523520 80 1684531691021046420
Subscriber 93826739523520 81 1684531691106288726
Subscriber 93826739523520 81 1684531691111315094
Subscriber 93826739523520 82 1684531691206287091
Subscriber 93826739523520 82 1684531691216313177
Subscriber 93826739523520 83 1684531691306288726
Subscriber 93826739523520 83 1684531691320313903
Subscriber 93826739523520 84 1684531691406292194
Subscriber 93826739523520 84 1684531691412321046
Subscriber 93826739523520 85 1684531691506267432
Subscriber 93826739523520 85 1684531691514293834
Subscriber 93826739523520 86 1684531691606297324
Subscriber 93826739523520 86 1684531691615323516
Subscriber 93826739523520 87 1684531691706280954
Subscriber 93826739523520 87 1684531691713308163
Subscriber 93826739523520 88 1684531691806306277
Subscriber 93826739523520 88 1684531691811333480
Subscriber 93826739523520 89 1684531691906293831
Subscriber 93826739523520 89 1684531691918322800
Subscriber 93826739523520 90 1684531692006040864
Subscriber 93826739523520 90 1684531692017068136
Subscriber 93826739523520 91 1684531692106071511
Subscriber 93826739523520 91 1684531692117098756
Subscriber 93826739523520 92 1684531692206312154
Subscriber 93826739523520 92 1684531692217339633
Subscriber 93826739523520 93 1684531692306309077
Subscriber 93826739523520 93 1684531692317338518
Subscriber 93826739523520 94 1684531692406248809
Subscriber 93826739523520 94 1684531692414275225
Subscriber 93826739523520 95 1684531692506122780
Subscriber 93826739523520 95 1684531692520152047
Subscriber 93826739523520 96 1684531692606132360
Subscriber 93826739523520 96 1684531692621160622
Subscriber 93826739523520 97 1684531692706316596
Subscriber 93826739523520 97 1684531692717345775
Subscriber 93826739523520 98 1684531692806288660
Subscriber 93826739523520 98 1684531692813317182
Subscriber 93826739523520 99 1684531692906293456
Subscriber 93826739523520 99 1684531692919320609
Subscriber 93826740697504 0 1684531683011918441
Subscriber 93826740697504 0 1684531683030951261
Subscriber 93826740697504 1 1684531683121974731
Subscriber 93826740697504 1 1684531683128009422
Subscriber 93826740697504 2 1684531683213981651
Subscriber 93826740697504 2 1684531683222008028
Subscriber 93826740697504 3 1684531683314009785
Subscriber 93826740697504 3 1684531683319029697
Subscriber 93826740697504 4 1684531683422024983
Subscriber 93826740697504 4 1684531683442063591
Subscriber 93826740697504 5 1684531683521752530
Subscriber 93826740697504 5 1684531683534773017
Subscriber 93826740697504 6 1684531683616006382
Subscriber 93826740697504 6 1684531683636029556
Subscriber 93826740697504 7 1684531683718003796
Subscriber 93826740697504 7 1684531683725027577
Subscriber 93826740697504 8 1684531683811873507
Subscriber 93826740697504 8 1684531683821899345
Subscriber 93826740697504 9 1684531683919635254
Subscriber 93826740697504 9 1684531683932669647
Subscriber 93826740697504 10 1684531684021943325
Subscriber 93826740697504 10 1684531684029968464
Subscriber 93826740697504 11 1684531684116863726
Subscriber 93826740697504 11 1684531684129889879
Subscriber 93826740697504 12 1684531684218923228
Subscriber 93826740697504 12 1684531684236946834
Subscriber 93826740697504 13 1684531684311806494
Subscriber 93826740697504 13 1684531684323828061
Subscriber 93826740697504 14 1684531684419068332
Subscriber 93826740697504 14 1684531684436092573
Subscriber 93826740697504 15 1684531684517863210
Subscriber 93826740697504 15 1684531684522884529
Subscriber 93826740697504 16 1684531684613940315
Subscriber 93826740697504 16 1684531684623963650
Subscriber 93826740697504 17 1684531684713831490
Subscriber 93826740697504 17 1684531684725851747
Subscriber 93826740697504 18 1684531684818806428
Subscriber 93826740697504 18 1684531684833826708
Subscriber 93826740697504 19 1684531684919803955
Subscriber 93826740697504 19 1684531684939825755
Subscriber 93826740697504 20 1684531685012683341
Subscriber 93826740697504 20 1684531685025737229
Subscriber 93826740697504 21 1684531685112804557
Subscriber 93826740697504 21 1684531685124829992
Subscriber 93826740697504 22 1684531685214842118
Subscriber 93826740697504 22 1684531685224866368
Subscriber 93826740697504 23 1684531685319815841
Subscriber 93826740697504 23 1684531685338837064
Subscriber 93826740697504 24 1684531685418670314
Subscriber 93826740697504 24 1684531685436689967
Subscriber 93826740697504 25 1684531685517546823
Subscriber 93826740697504 25 1684531685534570172
Subscriber 93826740697504 26 1684531685617591826
Subscriber 93826740697504 26 1684531685622612103
Subscriber 93826740697504 27 1684531685711760923
Subscriber 93826740697504 27 1684531685730780692
Subscriber 93826740697504 28 1684531685820715702
Subscriber 93826740697504 28 1684531685838735227
Subscriber 93826740697504 29 1684531685918626549
Subscriber 93826740697504 29 1684531685933648400
Subscriber 93826740697504 30 1684531686011636434
Subscriber 93826740697504 30 1684531686028657225
Subscriber 93826740697504 31 1684531686114680491
Subscriber 93826740697504 31 1684531686131702321
Subscriber 93826740697504 32 1684531686221559722
Subscriber 93826740697504 32 1684531686231588147
Subscriber 93826740697504 33 1684531686311696280
Subscriber 93826740697504 33 1684531686322716820
Subscriber 93826740697504 34 1684531686421825280
Subscriber 93826740697504 34 1684531686429844264
Subscriber 93826740697504 35 1684531686518596018
Subscriber 93826740697504 35 1684531686528618973
Subscriber 93826740697504 36 1684531686616593148
Subscriber 93826740697504 36 1684531686624612933
Subscriber 93826740697504 37 1684531686719604644
Subscriber 93826740697504 37 1684531686736624882
Subscriber 93826740697504 38 1684531686814598338
Subscriber 93826740697504 38 1684531686822617848
Subscriber 93826740697504 39 1684531686919504832
Subscriber 93826740697504 39 1684531686925523884
Subscriber 93826740697504 40 1684531687022027484
Subscriber 93826740697504 40 1684531687036047313
Subscriber 93826740697504 41 1684531687115914349
Subscriber 93826740697504 41 1684531687122935529
Subscriber 93826740697504 42 1684531687218724827
Subscriber 93826740697504 42 1684531687232748779
Subscriber 93826740697504 43 1684531687318639787
Subscriber 93826740697504 43 1684531687324661034
Subscriber 93826740697504 44 1684531687416786982
Subscriber 93826740697504 44 1684531687424807773
Subscriber 93826740697504 45 1684531687518980608
Subscriber 93826740697504 45 1684531687535001273
Subscriber 93826740697504 46 1684531687615893994
Subscriber 93826740697504 46 1684531687625915837
Subscriber 93826740697504 47 1684531687720903685
Subscriber 93826740697504 47 1684531687730924897
Subscriber 93826740697504 48 1684531687818905516
Subscriber 93826740697504 48 1684531687836927243
Subscriber 93826740697504 49 1684531687921847347
Subscriber 93826740697504 49 1684531687933869113
Subscriber 93826740697504 50 1684531688011811466
Subscriber 93826740697504 50 1684531688019830743
Subscriber 93826740697504 51 1684531688114043267
Subscriber 93826740697504 51 1684531688130065476
Subscriber 93826740697504 52 1684531688220030588
Subscriber 93826740697504 52 1684531688230053653
Subscriber 93826740697504 53 1684531688318753384
Subscriber 93826740697504 53 1684531688331773786
Subscriber 93826740697504 54 1684531688422139541
Subscriber 93826740697504 54 1684531688436159892
Subscriber 93826740697504 55 1684531688514947947
Subscriber 93826740697504 55 1684531688527971006
Subscriber 93826740697504 56 1684531688614682566
Subscriber 93826740697504 56 1684531688621706655
Subscriber 93826740697504 57 1684531688718970223
Subscriber 93826740697504 57 1684531688738990601
Subscriber 93826740697504 58 1684531688814959191
Subscriber 93826740697504 58 1684531688819977944
Subscriber 93826740697504 59 1684531688914882475
Subscriber 93826740697504 59 1684531688927904475
Subscriber 93826740697504 60 1684531689018095849
Subscriber 93826740697504 60 1684531689032118229
Subscriber 93826740697504 61 1684531689112962814
Subscriber 93826740697504 61 1684531689119982641
Subscriber 93826740697504 62 1684531689215078064
Subscriber 93826740697504 62 1684531689221099953
Subscriber 93826740697504 63 1684531689318866140
Subscriber 93826740697504 63 1684531689330885994
Subscriber 93826740697504 64 1684531689415803816
Subscriber 93826740697504 64 1684531689428821517
Subscriber 93826740697504 65 1684531689517836322
Subscriber 93826740697504 65 1684531689522853893
Subscriber 93826740697504 66 1684531689615826471
Subscriber 93826740697504 66 1684531689633845846
Subscriber 93826740697504 67 1684531689716813086
Subscriber 93826740697504 67 1684531689725831930
Subscriber 93826740697504 68 1684531689816810778
Subscriber 93826740697504 68 1684531689822828280
Subscriber 93826740697504 69 1684531689916825789
Subscriber 93826740697504 69 1684531689927842894
Subscriber 93826740697504 70 1684531690016846628
Subscriber 93826740697504 70 1684531690036865960
Subscriber 93826740697504 71 1684531690111813128
Subscriber 93826740697504 71 1684531690126832505
Subscriber 93826740697504 72 1684531690214804839
Subscriber 93826740697504 72 1684531690223825591
Subscriber 93826740697504 73 1684531690319784776
Subscriber 93826740697504 73 1684531690333804628
Subscriber 93826740697504 74 1684531690411578117
Subscriber 93826740697504 74 1684531690429599624
Subscriber 93826740697504 75 1684531690521882388
Subscriber 93826740697504 75 1684531690538902587
Subscriber 93826740697504 76 1684531690615814386
Subscriber 93826740697504 76 1684531690630834643
Subscriber 93826740697504 77 1684531690720754466
Subscriber 93826740697504 77 1684531690739773968
Subscriber 93826740697504 78 1684531690819670055
Subscriber 93826740697504 78 1684531690832689080
Subscriber 93826740697504 79 1684531690919819296
Subscriber 93826740697504 79 1684531690926838803
Subscriber 93826740697504 80 1684531691021545076
Subscriber 93826740697504 80 1684531691040568256
Subscriber 93826740697504 81 1684531691111833218
Subscriber 93826740697504 81 1684531691131852764
Subscriber 93826740697504 82 1684531691216819735
Subscriber 93826740697504 82 1684531691233839700
Subscriber 93826740697504 83 1684531691320824318
Subscriber 93826740697504 83 1684531691325841814
Subscriber 93826740697504 84 1684531691412843042
Subscriber 93826740697504 84 1684531691430863573
Subscriber 93826740697504 85 1684531691514818073
Subscriber 93826740697504 85 1684531691526838320
Subscriber 93826740697504 86 1684531691615840889
Subscriber 93826740697504 86 1684531691625860182
Subscriber 93826740697504 87 1684531691713849707
Subscriber 93826740697504 87 1684531691727870751
Subscriber 93826740697504 88 1684531691811855807
Subscriber 93826740697504 88 1684531691816873255
Subscriber 93826740697504 89 1684531691918857330
Subscriber 93826740697504 89 1684531691938879075
Subscriber 93826740697504 90 1684531692017610869
Subscriber 93826740697504 90 1684531692023628961
Subscriber 93826740697504 91 1684531692117625022
Subscriber 93826740697504 91 1684531692130647129
Subscriber 93826740697504 92 1684531692217899833
Subscriber 93826740697504 92 1684531692230924982
Subscriber 93826740697504 93 1684531692317887164
Subscriber 93826740697504 93 1684531692337907933
Subscriber 93826740697504 94 1684531692414810289
Subscriber 93826740697504 94 1684531692429830125
Subscriber 93826740697504 95 1684531692520676161
Subscriber 93826740697504 95 1684531692525706161
Subscriber 93826740697504 96 1684531692621709993
Subscriber 93826740697504 96 1684531692631732525
Subscriber 93826740697504 97 1684531692717902887
Subscriber 93826740697504 97 1684531692736922858
Subscriber 93826740697504 98 1684531692813865280
Subscriber 93826740697504 98 1684531692823882969
Subscriber 93826740697504 99 1684531692919858763
Subscriber 93826740697504 99 1684531692928879218
Subscriber 93826741892592 0 1684531683031387517
Subscriber 93826741892592 1 1684531683128434751
Subscriber 93826741892592 2 1684531683222385555
Subscriber 93826741892592 3 1684531683319376254
Subscriber 93826741892592 4 1684531683442456332
Subscriber 93826741892592 5 1684531683535142395
Subscriber 93826741892592 6 1684531683636415754
Subscriber 93826741892592 7 1684531683725405179
Subscriber 93826741892592 8 1684531683822306999
Subscriber 93826741892592 9 1684531683933110787
Subscriber 93826741892592 10 1684531684030405035
Subscriber 93826741892592 11 1684531684130309997
Subscriber 93826741892592 12 1684531684237362850
Subscriber 93826741892592 13 1684531684324186306
Subscriber 93826741892592 14 1684531684436466218
Subscriber 93826741892592 15 1684531684523257814
Subscriber 93826741892592 16 1684531684624326224
Subscriber 93826741892592 17 1684531684726207370
Subscriber 93826741892592 18 1684531684834184564
Subscriber 93826741892592 19 1684531684940199605
Subscriber 93826741892592 20 1684531685026192129
Subscriber 93826741892592 21 1684531685125198216
Subscriber 93826741892592 22 1684531685225245534
Subscriber 93826741892592 23 1684531685339196020
Subscriber 93826741892592 24 1684531685437058051
Subscriber 93826741892592 25 1684531685534933831
Subscriber 93826741892592 26 1684531685622973080
Subscriber 93826741892592 27 1684531685731142303
Subscriber 93826741892592 28 1684531685839087792
Subscriber 93826741892592 29 1684531685934015957
Subscriber 93826741892592 30 1684531686029016871
Subscriber 93826741892592 31 1684531686132073839
Subscriber 93826741892592 32 1684531686231991497
Subscriber 93826741892592 33 1684531686323071765
Subscriber 93826741892592 34 1684531686430197379
Subscriber 93826741892592 35 1684531686528987961
Subscriber 93826741892592 36 1684531686624973001
Subscriber 93826741892592 37 1684531686736984194
Subscriber 93826741892592 38 1684531686822971505
Subscriber 93826741892592 39 1684531686925924309
Subscriber 93826741892592 40 1684531687036403130
Subscriber 93826741892592 41 1684531687123294843
Subscriber 93826741892592 42 1684531687233116217
Subscriber 93826741892592 43 1684531687325017188
Subscriber 93826741892592 44 1684531687425169929
Subscriber 93826741892592 45 1684531687535360340
Subscriber 93826741892592 46 1684531687626276010
Subscriber 93826741892592 47 1684531687731284997
Subscriber 93826741892592 48 1684531687837281448
Subscriber 93826741892592 49 1684531687934237176
Subscriber 93826741892592 50 1684531688020180266
Subscriber 93826741892592 51 1684531688130424672
Subscriber 93826741892592 52 1684531688230415588
Subscriber 93826741892592 53 1684531688332138199
Subscriber 93826741892592 54 1684531688436520723
Subscriber 93826741892592 55 1684531688528369322
Subscriber 93826741892592 56 1684531688622014501
Subscriber 93826741892592 57 1684531688739305380
Subscriber 93826741892592 58 1684531688820326928
Subscriber 93826741892592 59 1684531688928269144
Subscriber 93826741892592 60 1684531689032476972
Subscriber 93826741892592 61 1684531689120337228
Subscriber 93826741892592 62 1684531689221535542
Subscriber 93826741892592 63 1684531689331242831
Subscriber 93826741892592 64 1684531689429175409
Subscriber 93826741892592 65 1684531689523220596
Subscriber 93826741892592 66 1684531689634200137
Subscriber 93826741892592 67 1684531689726186113
Subscriber 93826741892592 68 1684531689823183906
Subscriber 93826741892592 69 1684531689928195305
Subscriber 93826741892592 70 1684531690037231415
Subscriber 93826741892592 71 1684531690127192996
Subscriber 93826741892592 72 1684531690224238881
Subscriber 93826741892592 73 1684531690334163171
Subscriber 93826741892592 74 1684531690429978171
Subscriber 93826741892592 75 1684531690539260979
Subscriber 93826741892592 76 1684531690631221147
Subscriber 93826741892592 77 1684531690740136317
Subscriber 93826741892592 78 1684531690833040732
Subscriber 93826741892592 79 1684531690927195481
Subscriber 93826741892592 80 1684531691040937027
Subscriber 93826741892592 81 1684531691132201493
Subscriber 93826741892592 82 1684531691234195993
Subscriber 93826741892592 83 1684531691326194116
Subscriber 93826741892592 84 1684531691431219544
Subscriber 93826741892592 85 1684531691527192504
Subscriber 93826741892592 86 1684531691626221621
Subscriber 93826741892592 87 1684531691728227105
Subscriber 93826741892592 88 1684531691817228846
Subscriber 93826741892592 89 1684531691939240685
Subscriber 93826741892592 90 1684531692023980385
Subscriber 93826741892592 91 1684531692131008122
Subscriber 93826741892592 92 1684531692231312702
Subscriber 93826741892592 93 1684531692338263430
Subscriber 93826741892592 94 1684531692430188796
Subscriber 93826741892592 95 1684531692526015020
Subscriber 93826741892592 96 1684531692632090491
Subscriber 93826741892592 97 1684531692737279202
Subscriber 93826741892592 98 1684531692824236769
Subscriber 93826741892592 99 1684531692929234070
