TimerID Timer1 94025126279584
SubscriberID Subscriber1 94025127341664
SubscriberID Subscriber2 94025128515648
SubscriberID Subscriber3 94025129710752
StartTime 1684500643574352567
Timer 94025126279584 0 1684500643574352567
Timer 94025126279584 1 1684500643703468421
Timer 94025126279584 2 1684500643781088223
Timer 94025126279584 3 1684500643873978915
Timer 94025126279584 4 1684500643974100597
Timer 94025126279584 5 1684500644086665319
Timer 94025126279584 6 1684500644201356899
Timer 94025126279584 7 1684500644298290941
Timer 94025126279584 8 1684500644404137771
Timer 94025126279584 9 1684500644481560809
Timer 94025126279584 10 1684500644600303419
Timer 94025126279584 11 1684500644706792679
Timer 94025126279584 12 1684500644773670899
Timer 94025126279584 13 1684500644881530683
Timer 94025126279584 14 1684500644993869507
Timer 94025126279584 15 1684500645073860193
Timer 94025126279584 16 1684500645185362426
Timer 94025126279584 17 1684500645298859614
Timer 94025126279584 18 1684500645373961178
Timer 94025126279584 19 1684500645488359990
Timer 94025126279584 20 1684500645587372880
Timer 94025126279584 21 1684500645679378129
Timer 94025126279584 22 1684500645788359188
Timer 94025126279584 23 1684500645882375599
Timer 94025126279584 24 1684500645988412265
Timer 94025126279584 25 1684500646080309420
Timer 94025126279584 26 1684500646184361590
Timer 94025126279584 27 1684500646286361566
Timer 94025126279584 28 1684500646385257749
Timer 94025126279584 29 1684500646486299429
Timer 94025126279584 30 1684500646579294822
Timer 94025126279584 31 1684500646682340229
Timer 94025126279584 32 1684500646787392735
Timer 94025126279584 33 1684500646882393113
Timer 94025126279584 34 1684500646989441322
Timer 94025126279584 35 1684500647087345793
Timer 94025126279584 36 1684500647186358599
Timer 94025126279584 37 1684500647281381135
Timer 94025126279584 38 1684500647384288159
Timer 94025126279584 39 1684500647483382075
Timer 94025126279584 40 1684500647589332141
Timer 94025126279584 41 1684500647687373981
Timer 94025126279584 42 1684500647784179637
Timer 94025126279584 43 1684500647874037565
Timer 94025126279584 44 1684500647984310445
Timer 94025126279584 45 1684500648088299980
Timer 94025126279584 46 1684500648184270222
Timer 94025126279584 47 1684500648284169930
Timer 94025126279584 48 1684500648373851627
Timer 94025126279584 49 1684500648501874309
Timer 94025126279584 50 1684500648596912932
Timer 94025126279584 51 1684500648699751711
Timer 94025126279584 52 1684500648797616664
Timer 94025126279584 53 1684500648881392770
Timer 94025126279584 54 1684500648985443564
Timer 94025126279584 55 1684500649087284868
Timer 94025126279584 56 1684500649188304494
Timer 94025126279584 57 1684500649287339093
Timer 94025126279584 58 1684500649387354767
Timer 94025126279584 59 1684500649481367813
Timer 94025126279584 60 1684500649584228862
Timer 94025126279584 61 1684500649673949049
Timer 94025126279584 62 1684500649773691460
Timer 94025126279584 63 1684500649882842603
Timer 94025126279584 64 1684500649997102839
Timer 94025126279584 65 1684500650073898005
Timer 94025126279584 66 1684500650179354925
Timer 94025126279584 67 1684500650284452838
Timer 94025126279584 68 1684500650391470978
Timer 94025126279584 69 1684500650490391753
Timer 94025126279584 70 1684500650594388947
Timer 94025126279584 71 1684500650693430059
Timer 94025126279584 72 1684500650782302178
Timer 94025126279584 73 1684500650881466652
Timer 94025126279584 74 1684500650984460001
Timer 94025126279584 75 1684500651091363827
Timer 94025126279584 76 1684500651180165499
Timer 94025126279584 77 1684500651273779542
Timer 94025126279584 78 1684500651394118229
Timer 94025126279584 79 1684500651473866115
Timer 94025126279584 80 1684500651573640009
Timer 94025126279584 81 1684500651700010134
Timer 94025126279584 82 1684500651781072231
Timer 94025126279584 83 1684500651873922169
Timer 94025126279584 84 1684500651973804272
Timer 94025126279584 85 1684500652098224648
Timer 94025126279584 86 1684500652174025507
Timer 94025126279584 87 1684500652286321900
Timer 94025126279584 88 1684500652388313837
Timer 94025126279584 89 1684500652483113584
Timer 94025126279584 90 1684500652573889431
Timer 94025126279584 91 1684500652673558050
Timer 94025126279584 92 1684500652788988696
Timer 94025126279584 93 1684500652873801141
Timer 94025126279584 94 1684500652996809260
Timer 94025126279584 95 1684500653092825526
Timer 94025126279584 96 1684500653204712200
Timer 94025126279584 97 1684500653291710463
Timer 94025126279584 98 1684500653397685450
Subscriber 94025127341664 0 1684500643674044397
Subscriber 94025127341664 0 1684500643689108810
Subscriber 94025127341664 1 1684500643774502774
Subscriber 94025127341664 1 1684500643780542230
Subscriber 94025127341664 2 1684500643874769537
Subscriber 94025127341664 2 1684500643886810304
Subscriber 94025127341664 3 1684500643987704467
Subscriber 94025127341664 3 1684500643995728386
Subscriber 94025127341664 4 1684500644087405805
Subscriber 94025127341664 4 1684500644098465822
Subscriber 94025127341664 5 1684500644188964071
Subscriber 94025127341664 5 1684500644200988253
Subscriber 94025127341664 6 1684500644274202779
Subscriber 94025127341664 6 1684500644283235464
Subscriber 94025127341664 7 1684500644391737972
Subscriber 94025127341664 7 1684500644403765090
Subscriber 94025127341664 8 1684500644482352445
Subscriber 94025127341664 8 1684500644493379800
Subscriber 94025127341664 9 1684500644593911131
Subscriber 94025127341664 9 1684500644599935643
Subscriber 94025127341664 10 1684500644673982413
Subscriber 94025127341664 10 1684500644688015127
Subscriber 94025127341664 11 1684500644774563568
Subscriber 94025127341664 11 1684500644785593054
Subscriber 94025127341664 12 1684500644882166560
Subscriber 94025127341664 12 1684500644888190856
Subscriber 94025127341664 13 1684500644988481991
Subscriber 94025127341664 13 1684500644993516335
Subscriber 94025127341664 14 1684500645087113494
Subscriber 94025127341664 14 1684500645096136611
Subscriber 94025127341664 15 1684500645173919931
Subscriber 94025127341664 15 1684500645184955402
Subscriber 94025127341664 16 1684500645284505130
Subscriber 94025127341664 16 1684500645298529593
Subscriber 94025127341664 17 1684500645394901852
Subscriber 94025127341664 17 1684500645399921353
Subscriber 94025127341664 18 1684500645473925011
Subscriber 94025127341664 18 1684500645487965495
Subscriber 94025127341664 19 1684500645573964019
Subscriber 94025127341664 19 1684500645586995701
Subscriber 94025127341664 20 1684500645673968365
Subscriber 94025127341664 20 1684500645678996635
Subscriber 94025127341664 21 1684500645773942970
Subscriber 94025127341664 21 1684500645787978935
Subscriber 94025127341664 22 1684500645873967931
Subscriber 94025127341664 22 1684500645881998885
Subscriber 94025127341664 23 1684500645973992870
Subscriber 94025127341664 23 1684500645988026208
Subscriber 94025127341664 24 1684500646073903118
Subscriber 94025127341664 24 1684500646079927621
Subscriber 94025127341664 25 1684500646173951034
Subscriber 94025127341664 25 1684500646183983028
Subscriber 94025127341664 26 1684500646273950498
Subscriber 94025127341664 26 1684500646285980874
Subscriber 94025127341664 27 1684500646373850318
Subscriber 94025127341664 27 1684500646384876865
Subscriber 94025127341664 28 1684500646473891393
Subscriber 94025127341664 28 1684500646485921286
Subscriber 94025127341664 29 1684500646573886721
Subscriber 94025127341664 29 1684500646578913972
Subscriber 94025127341664 30 1684500646673934617
Subscriber 94025127341664 30 1684500646681962697
Subscriber 94025127341664 31 1684500646773942751
Subscriber 94025127341664 31 1684500646786975622
Subscriber 94025127341664 32 1684500646873992573
Subscriber 94025127341664 32 1684500646882021510
Subscriber 94025127341664 33 1684500646974001873
Subscriber 94025127341664 33 1684500646989034633
Subscriber 94025127341664 34 1684500647073933430
Subscriber 94025127341664 34 1684500647086962020
Subscriber 94025127341664 35 1684500647173952041
Subscriber 94025127341664 35 1684500647185981997
Subscriber 94025127341664 36 1684500647273967109
Subscriber 94025127341664 36 1684500647280998195
Subscriber 94025127341664 37 1684500647373880785
Subscriber 94025127341664 37 1684500647383906677
Subscriber 94025127341664 38 1684500647473902525
Subscriber 94025127341664 38 1684500647482933063
Subscriber 94025127341664 39 1684500647573918696
Subscriber 94025127341664 39 1684500647588946898
Subscriber 94025127341664 40 1684500647673963180
Subscriber 94025127341664 40 1684500647686995707
Subscriber 94025127341664 41 1684500647773744145
Subscriber 94025127341664 41 1684500647783772806
Subscriber 94025127341664 42 1684500647894908791
Subscriber 94025127341664 42 1684500647908933403
Subscriber 94025127341664 43 1684500647973887809
Subscriber 94025127341664 43 1684500647983919080
Subscriber 94025127341664 44 1684500648073894000
Subscriber 94025127341664 44 1684500648087925178
Subscriber 94025127341664 45 1684500648173858193
Subscriber 94025127341664 45 1684500648183889087
Subscriber 94025127341664 46 1684500648273773410
Subscriber 94025127341664 46 1684500648283801857
Subscriber 94025127341664 47 1684500648380716852
Subscriber 94025127341664 47 1684500648386735214
Subscriber 94025127341664 48 1684500648486526590
Subscriber 94025127341664 48 1684500648501549445
Subscriber 94025127341664 49 1684500648590532282
Subscriber 94025127341664 49 1684500648596551985
Subscriber 94025127341664 50 1684500648688405639
Subscriber 94025127341664 50 1684500648699428453
Subscriber 94025127341664 51 1684500648787256298
Subscriber 94025127341664 51 1684500648797278449
Subscriber 94025127341664 52 1684500648874000067
Subscriber 94025127341664 52 1684500648881026491
Subscriber 94025127341664 53 1684500648973978138
Subscriber 94025127341664 53 1684500648985010688
Subscriber 94025127341664 54 1684500649073870874
Subscriber 94025127341664 54 1684500649086902096
Subscriber 94025127341664 55 1684500649173899373
Subscriber 94025127341664 55 1684500649187930852
Subscriber 94025127341664 56 1684500649273928631
Subscriber 94025127341664 56 1684500649286958977
Subscriber 94025127341664 57 1684500649373950248
Subscriber 94025127341664 57 1684500649386980955
Subscriber 94025127341664 58 1684500649473955965
Subscriber 94025127341664 58 1684500649480986115
Subscriber 94025127341664 59 1684500649573816719
Subscriber 94025127341664 59 1684500649583847343
Subscriber 94025127341664 60 1684500649692826687
Subscriber 94025127341664 60 1684500649705847975
Subscriber 94025127341664 61 1684500649791858943
Subscriber 94025127341664 61 1684500649804884750
Subscriber 94025127341664 62 1684500649883184531
Subscriber 94025127341664 62 1684500649892204507
Subscriber 94025127341664 63 1684500649974201811
Subscriber 94025127341664 63 1684500649983236148
Subscriber 94025127341664 64 1684500650074359026
Subscriber 94025127341664 64 1684500650089388303
Subscriber 94025127341664 65 1684500650179694246
Subscriber 94025127341664 65 1684500650190715157
Subscriber 94025127341664 66 1684500650284795368
Subscriber 94025127341664 66 1684500650294815579
Subscriber 94025127341664 67 1684500650391822594
Subscriber 94025127341664 67 1684500650399841708
Subscriber 94025127341664 68 1684500650490742973
Subscriber 94025127341664 68 1684500650503765300
Subscriber 94025127341664 69 1684500650594737486
Subscriber 94025127341664 69 1684500650599757738
Subscriber 94025127341664 70 1684500650693792813
Subscriber 94025127341664 70 1684500650706815619
Subscriber 94025127341664 71 1684500650782645932
Subscriber 94025127341664 71 1684500650789665316
Subscriber 94025127341664 72 1684500650881821853
Subscriber 94025127341664 72 1684500650888841829
Subscriber 94025127341664 73 1684500650984801851
Subscriber 94025127341664 73 1684500650992823362
Subscriber 94025127341664 74 1684500651091710860
Subscriber 94025127341664 74 1684500651103732772
Subscriber 94025127341664 75 1684500651180524338
Subscriber 94025127341664 75 1684500651192552347
Subscriber 94025127341664 76 1684500651274206892
Subscriber 94025127341664 76 1684500651288237601
Subscriber 94025127341664 77 1684500651374304392
Subscriber 94025127341664 77 1684500651386337935
Subscriber 94025127341664 78 1684500651474333109
Subscriber 94025127341664 78 1684500651486362035
Subscriber 94025127341664 79 1684500651574114888
Subscriber 94025127341664 79 1684500651583140701
Subscriber 94025127341664 80 1684500651673877375
Subscriber 94025127341664 80 1684500651681917720
Subscriber 94025127341664 81 1684500651773608666
Subscriber 94025127341664 81 1684500651780640005
Subscriber 94025127341664 82 1684500651886858767
Subscriber 94025127341664 82 1684500651897886803
Subscriber 94025127341664 83 1684500651983741500
Subscriber 94025127341664 83 1684500651989763188
Subscriber 94025127341664 84 1684500652092776329
Subscriber 94025127341664 84 1684500652097801203
Subscriber 94025127341664 85 1684500652185957464
Subscriber 94025127341664 85 1684500652194978659
Subscriber 94025127341664 86 1684500652273868455
Subscriber 94025127341664 86 1684500652285904621
Subscriber 94025127341664 87 1684500652373855960
Subscriber 94025127341664 87 1684500652387893254
Subscriber 94025127341664 88 1684500652473658168
Subscriber 94025127341664 88 1684500652482694913
Subscriber 94025127341664 89 1684500652588834884
Subscriber 94025127341664 89 1684500652596863232
Subscriber 94025127341664 90 1684500652687520766
Subscriber 94025127341664 90 1684500652700549764
Subscriber 94025127341664 91 1684500652781617464
Subscriber 94025127341664 91 1684500652788640770
Subscriber 94025127341664 92 1684500652881671932
Subscriber 94025127341664 92 1684500652894693602
Subscriber 94025127341664 93 1684500652985467900
Subscriber 94025127341664 93 1684500652996486622
Subscriber 94025127341664 94 1684500653081484959
Subscriber 94025127341664 94 1684500653092506191
Subscriber 94025127341664 95 1684500653193368844
Subscriber 94025127341664 95 1684500653204390672
Subscriber 94025127341664 96 1684500653286373078
Subscriber 94025127341664 96 1684500653291392505
Subscriber 94025127341664 97 1684500653392337958
Subscriber 94025127341664 97 1684500653397356068
Subscriber 94025128515648 0 1684500643689945511
Subscriber 94025128515648 0 1684500643702982879
Subscriber 94025128515648 1 1684500643887572235
Subscriber 94025128515648 1 1684500643897600542
Subscriber 94025128515648 2 1684500643975063271
Subscriber 94025128515648 2 1684500643987100158
Subscriber 94025128515648 3 1684500644074191040
Subscriber 94025128515648 3 1684500644086224310
Subscriber 94025128515648 4 1684500644174232428
Subscriber 94025128515648 4 1684500644188293996
Subscriber 94025128515648 5 1684500644283891991
Subscriber 94025128515648 5 1684500644297919964
Subscriber 94025128515648 6 1684500644373933392
Subscriber 94025128515648 6 1684500644390972077
Subscriber 94025128515648 7 1684500644474063748
Subscriber 94025128515648 7 1684500644481100319
Subscriber 94025128515648 8 1684500644574143069
Subscriber 94025128515648 8 1684500644593183291
Subscriber 94025128515648 9 1684500644688447037
Subscriber 94025128515648 9 1684500644706471474
Subscriber 94025128515648 10 1684500644785967407
Subscriber 94025128515648 10 1684500644796989327
Subscriber 94025128515648 11 1684500644874015755
Subscriber 94025128515648 11 1684500644881048044
Subscriber 94025128515648 12 1684500644973994791
Subscriber 94025128515648 12 1684500644988031698
Subscriber 94025128515648 13 1684500645074643115
Subscriber 94025128515648 13 1684500645086675024
Subscriber 94025128515648 14 1684500645185986001
Subscriber 94025128515648 14 1684500645196008561
Subscriber 94025128515648 15 1684500645274033050
Subscriber 94025128515648 15 1684500645284066494
Subscriber 94025128515648 16 1684500645374479143
Subscriber 94025128515648 16 1684500645394512511
Subscriber 94025128515648 17 1684500645488697123
Subscriber 94025128515648 17 1684500645502720118
Subscriber 94025128515648 18 1684500645587713991
Subscriber 94025128515648 18 1684500645603740029
Subscriber 94025128515648 19 1684500645679719201
Subscriber 94025128515648 19 1684500645685741298
Subscriber 94025128515648 20 1684500645788703424
Subscriber 94025128515648 20 1684500645807730792
Subscriber 94025128515648 21 1684500645882717227
Subscriber 94025128515648 21 1684500645897743538
Subscriber 94025128515648 22 1684500645988756189
Subscriber 94025128515648 22 1684500646003782329
Subscriber 94025128515648 23 1684500646080651083
Subscriber 94025128515648 23 1684500646095677248
Subscriber 94025128515648 24 1684500646184731321
Subscriber 94025128515648 24 1684500646199759122
Subscriber 94025128515648 25 1684500646286701439
Subscriber 94025128515648 25 1684500646295723911
Subscriber 94025128515648 26 1684500646385621252
Subscriber 94025128515648 26 1684500646390641013
Subscriber 94025128515648 27 1684500646486637842
Subscriber 94025128515648 27 1684500646493659013
Subscriber 94025128515648 28 1684500646579636337
Subscriber 94025128515648 28 1684500646586658061
Subscriber 94025128515648 29 1684500646682682615
Subscriber 94025128515648 29 1684500646701709056
Subscriber 94025128515648 30 1684500646787734741
Subscriber 94025128515648 30 1684500646801761571
Subscriber 94025128515648 31 1684500646882736135
Subscriber 94025128515648 31 1684500646897761832
Subscriber 94025128515648 32 1684500646989786528
Subscriber 94025128515648 32 1684500646994807875
Subscriber 94025128515648 33 1684500647087685781
Subscriber 94025128515648 33 1684500647107712673
Subscriber 94025128515648 34 1684500647186699568
Subscriber 94025128515648 34 1684500647198722740
Subscriber 94025128515648 35 1684500647281743808
Subscriber 94025128515648 35 1684500647301769484
Subscriber 94025128515648 36 1684500647384630113
Subscriber 94025128515648 36 1684500647389650100
Subscriber 94025128515648 37 1684500647483739996
Subscriber 94025128515648 37 1684500647500765926
Subscriber 94025128515648 38 1684500647589694688
Subscriber 94025128515648 38 1684500647596716130
Subscriber 94025128515648 39 1684500647687715350
Subscriber 94025128515648 39 1684500647703744132
Subscriber 94025128515648 40 1684500647784526681
Subscriber 94025128515648 40 1684500647801555534
Subscriber 94025128515648 41 1684500647874494743
Subscriber 94025128515648 41 1684500647894524789
Subscriber 94025128515648 42 1684500647984651276
Subscriber 94025128515648 42 1684500647995674027
Subscriber 94025128515648 43 1684500648088638522
Subscriber 94025128515648 43 1684500648102659954
Subscriber 94025128515648 44 1684500648184608427
Subscriber 94025128515648 44 1684500648203631561
Subscriber 94025128515648 45 1684500648284510414
Subscriber 94025128515648 45 1684500648300534527
Subscriber 94025128515648 46 1684500648374318998
Subscriber 94025128515648 46 1684500648380342638
Subscriber 94025128515648 47 1684500648474068709
Subscriber 94025128515648 47 1684500648486101508
Subscriber 94025128515648 48 1684500648574067845
Subscriber 94025128515648 48 1684500648590100845
Subscriber 94025128515648 49 1684500648673952183
Subscriber 94025128515648 49 1684500648687984437
Subscriber 94025128515648 50 1684500648773774863
Subscriber 94025128515648 50 1684500648786807738
Subscriber 94025128515648 51 1684500648881753082
Subscriber 94025128515648 51 1684500648897776231
Subscriber 94025128515648 52 1684500648985794935
Subscriber 94025128515648 52 1684500648994816583
Subscriber 94025128515648 53 1684500649087627665
Subscriber 94025128515648 53 1684500649093647425
Subscriber 94025128515648 54 1684500649188647631
Subscriber 94025128515648 54 1684500649194669338
Subscriber 94025128515648 55 1684500649287681047
Subscriber 94025128515648 55 1684500649299702670
Subscriber 94025128515648 56 1684500649387697634
Subscriber 94025128515648 56 1684500649400721233
Subscriber 94025128515648 57 1684500649481731759
Subscriber 94025128515648 57 1684500649492756327
Subscriber 94025128515648 58 1684500649584571284
Subscriber 94025128515648 58 1684500649602594796
Subscriber 94025128515648 59 1684500649674410084
Subscriber 94025128515648 59 1684500649692439886
Subscriber 94025128515648 60 1684500649774266034
Subscriber 94025128515648 60 1684500649791307611
Subscriber 94025128515648 61 1684500649874407735
Subscriber 94025128515648 61 1684500649882442653
Subscriber 94025128515648 62 1684500649983674084
Subscriber 94025128515648 62 1684500649996700030
Subscriber 94025128515648 63 1684500650089811507
Subscriber 94025128515648 63 1684500650103840591
Subscriber 94025128515648 64 1684500650173936436
Subscriber 94025128515648 64 1684500650178967731
Subscriber 94025128515648 65 1684500650274022619
Subscriber 94025128515648 65 1684500650284055382
Subscriber 94025128515648 66 1684500650374032195
Subscriber 94025128515648 66 1684500650391065591
Subscriber 94025128515648 67 1684500650473920671
Subscriber 94025128515648 67 1684500650489964866
Subscriber 94025128515648 68 1684500650573951534
Subscriber 94025128515648 68 1684500650593985249
Subscriber 94025128515648 69 1684500650673965671
Subscriber 94025128515648 69 1684500650692998660
Subscriber 94025128515648 70 1684500650773868617
Subscriber 94025128515648 70 1684500650781900212
Subscriber 94025128515648 71 1684500650873965455
Subscriber 94025128515648 71 1684500650880994615
Subscriber 94025128515648 72 1684500650974022392
Subscriber 94025128515648 72 1684500650984056222
Subscriber 94025128515648 73 1684500651073916122
Subscriber 94025128515648 73 1684500651090961778
Subscriber 94025128515648 74 1684500651173700480
Subscriber 94025128515648 74 1684500651179728165
Subscriber 94025128515648 75 1684500651288758542
Subscriber 94025128515648 75 1684500651295782337
Subscriber 94025128515648 76 1684500651386771898
Subscriber 94025128515648 76 1684500651393794062
Subscriber 94025128515648 77 1684500651486767217
Subscriber 94025128515648 77 1684500651491788306
Subscriber 94025128515648 78 1684500651583528585
Subscriber 94025128515648 78 1684500651596553544
Subscriber 94025128515648 79 1684500651682472649
Subscriber 94025128515648 79 1684500651699510886
Subscriber 94025128515648 80 1684500651781522061
Subscriber 94025128515648 80 1684500651791554578
Subscriber 94025128515648 81 1684500651874386350
Subscriber 94025128515648 81 1684500651886418845
Subscriber 94025128515648 82 1684500651974272583
Subscriber 94025128515648 82 1684500651983303207
Subscriber 94025128515648 83 1684500652074256151
Subscriber 94025128515648 83 1684500652092295956
Subscriber 94025128515648 84 1684500652174479179
Subscriber 94025128515648 84 1684500652185510316
Subscriber 94025128515648 85 1684500652286672132
Subscriber 94025128515648 85 1684500652303699430
Subscriber 94025128515648 86 1684500652388660824
Subscriber 94025128515648 86 1684500652401688981
Subscriber 94025128515648 87 1684500652483462169
Subscriber 94025128515648 87 1684500652494484631
Subscriber 94025128515648 88 1684500652574362942
Subscriber 94025128515648 88 1684500652588396793
Subscriber 94025128515648 89 1684500652674035876
Subscriber 94025128515648 89 1684500652687069726
Subscriber 94025128515648 90 1684500652774025980
Subscriber 94025128515648 90 1684500652781061234
Subscriber 94025128515648 91 1684500652874261813
Subscriber 94025128515648 91 1684500652881286203
Subscriber 94025128515648 92 1684500652973999368
Subscriber 94025128515648 92 1684500652985028984
Subscriber 94025128515648 93 1684500653073985256
Subscriber 94025128515648 93 1684500653081013657
Subscriber 94025128515648 94 1684500653173921816
Subscriber 94025128515648 94 1684500653192951494
Subscriber 94025128515648 95 1684500653273929785
Subscriber 94025128515648 95 1684500653285960081
Subscriber 94025128515648 96 1684500653373885624
Subscriber 94025128515648 96 1684500653391918194
Subscriber 94025128515648 97 1684500653473812365
Subscriber 94025128515648 97 1684500653484841586
Subscriber 94025129710752 0 1684500643774611935
Subscriber 94025129710752 1 1684500643974487569
Subscriber 94025129710752 2 1684500644074021281
Subscriber 94025129710752 3 1684500644174003171
Subscriber 94025129710752 4 1684500644273983754
Subscriber 94025129710752 5 1684500644373933571
Subscriber 94025129710752 6 1684500644474514022
Subscriber 94025129710752 7 1684500644574142883
Subscriber 94025129710752 8 1684500644673790845
Subscriber 94025129710752 9 1684500644774392622
Subscriber 94025129710752 10 1684500644874015925
Subscriber 94025129710752 11 1684500644973994570
Subscriber 94025129710752 12 1684500645073958703
Subscriber 94025129710752 13 1684500645173920100
Subscriber 94025129710752 14 1684500645274514394
Subscriber 94025129710752 15 1684500645374063648
Subscriber 94025129710752 16 1684500645473925281
Subscriber 94025129710752 17 1684500645574462427
Subscriber 94025129710752 18 1684500645673968226
Subscriber 94025129710752 19 1684500645773943129
Subscriber 94025129710752 20 1684500645874483182
Subscriber 94025129710752 21 1684500645973998084
Subscriber 94025129710752 22 1684500646073894956
Subscriber 94025129710752 23 1684500646174423081
Subscriber 94025129710752 24 1684500646273950712
Subscriber 94025129710752 25 1684500646373842168
Subscriber 94025129710752 26 1684500646474370545
Subscriber 94025129710752 27 1684500646573886512
Subscriber 94025129710752 28 1684500646674414572
Subscriber 94025129710752 29 1684500646773942575
Subscriber 94025129710752 30 1684500646874483289
Subscriber 94025129710752 31 1684500646974008628
Subscriber 94025129710752 32 1684500647073925469
Subscriber 94025129710752 33 1684500647174453601
Subscriber 94025129710752 34 1684500647273973842
Subscriber 94025129710752 35 1684500647373867408
Subscriber 94025129710752 36 1684500647474394815
Subscriber 94025129710752 37 1684500647573910448
Subscriber 94025129710752 38 1684500647674444930
Subscriber 94025129710752 39 1684500647773891401
Subscriber 94025129710752 40 1684500647874433071
Subscriber 94025129710752 41 1684500647973901033
Subscriber 94025129710752 42 1684500648074427142
Subscriber 94025129710752 43 1684500648173887287
Subscriber 94025129710752 44 1684500648274406199
Subscriber 94025129710752 45 1684500648373937316
Subscriber 94025129710752 46 1684500648474412637
Subscriber 94025129710752 47 1684500648574067987
Subscriber 94025129710752 48 1684500648673952329
Subscriber 94025129710752 49 1684500648773775058
Subscriber 94025129710752 50 1684500648874322590
Subscriber 94025129710752 51 1684500648973978278
Subscriber 94025129710752 52 1684500649073871024
Subscriber 94025129710752 53 1684500649174413871
Subscriber 94025129710752 54 1684500649273928666
Subscriber 94025129710752 55 1684500649374448555
Subscriber 94025129710752 56 1684500649473964647
Subscriber 94025129710752 57 1684500649573816855
Subscriber 94025129710752 58 1684500649674370977
Subscriber 94025129710752 59 1684500649773847368
Subscriber 94025129710752 60 1684500649874435724
Subscriber 94025129710752 61 1684500649974201551
Subscriber 94025129710752 62 1684500650073968005
Subscriber 94025129710752 63 1684500650173936605
Subscriber 94025129710752 64 1684500650274541117
Subscriber 94025129710752 65 1684500650374032298
Subscriber 94025129710752 66 1684500650473920528
Subscriber 94025129710752 67 1684500650574455425
Subscriber 94025129710752 68 1684500650673987769
Subscriber 94025129710752 69 1684500650773868463
Subscriber 94025129710752 70 1684500650874393515
Subscriber 94025129710752 71 1684500650974022210
Subscriber 94025129710752 72 1684500651073916262
Subscriber 94025129710752 73 1684500651174417553
Subscriber 94025129710752 74 1684500651273891684
Subscriber 94025129710752 75 1684500651374422868
Subscriber 94025129710752 76 1684500651473965382
Subscriber 94025129710752 77 1684500651573729019
Subscriber 94025129710752 78 1684500651674205749
Subscriber 94025129710752 79 1684500651773692410
Subscriber 94025129710752 80 1684500651874290428
Subscriber 94025129710752 81 1684500651973891483
Subscriber 94025129710752 82 1684500652074423737
Subscriber 94025129710752 83 1684500652174105101
Subscriber 94025129710752 84 1684500652273868555
Subscriber 94025129710752 85 1684500652374391122
Subscriber 94025129710752 86 1684500652473886049
Subscriber 94025129710752 87 1684500652574388616
Subscriber 94025129710752 88 1684500652673915818
Subscriber 94025129710752 89 1684500652774442048
Subscriber 94025129710752 90 1684500652873918040
Subscriber 94025129710752 91 1684500652974439156
Subscriber 94025129710752 92 1684500653073985396
Subscriber 94025129710752 93 1684500653173908794
Subscriber 94025129710752 94 1684500653274448238
Subscriber 94025129710752 95 1684500653373904565
Subscriber 94025129710752 96 1684500653474439241
