TimerID Timer1 94314754624256
SubscriberID Subscriber1 94314755686336
SubscriberID Subscriber2 94314756860320
SubscriberID Subscriber3 94314758055424
StartTime 1684531654592080425
Timer 94314754624256 0 1684531654592080425
Timer 94314754624256 1 1684531654674126625
Timer 94314754624256 2 1684531654755083027
Timer 94314754624256 3 1684531654891463870
Timer 94314754624256 4 1684531654991523151
Timer 94314754624256 5 1684531655091651773
Timer 94314754624256 6 1684531655191156864
Timer 94314754624256 7 1684531655291078602
Timer 94314754624256 8 1684531655391641392
Timer 94314754624256 9 1684531655491299306
Timer 94314754624256 10 1684531655560350652
Timer 94314754624256 11 1684531655691636012
Timer 94314754624256 12 1684531655749898624
Timer 94314754624256 13 1684531655891777450
Timer 94314754624256 14 1684531655961804979
Timer 94314754624256 15 1684531656091402177
Timer 94314754624256 16 1684531656191671043
Timer 94314754624256 17 1684531656291410182
Timer 94314754624256 18 1684531656391592638
Timer 94314754624256 19 1684531656491022994
Timer 94314754624256 20 1684531656591364412
Timer 94314754624256 21 1684531656691906560
Timer 94314754624256 22 1684531656753758164
Timer 94314754624256 23 1684531656891777208
Timer 94314754624256 24 1684531656991525096
Timer 94314754624256 25 1684531657091877995
Timer 94314754624256 26 1684531657172192591
Timer 94314754624256 27 1684531657291942435
Timer 94314754624256 28 1684531657352271204
Timer 94314754624256 29 1684531657491704364
Timer 94314754624256 30 1684531657591640334
Timer 94314754624256 31 1684531657652759560
Timer 94314754624256 32 1684531657791683500
Timer 94314754624256 33 1684531657891220887
Timer 94314754624256 34 1684531657991548108
Timer 94314754624256 35 1684531658057727100
Timer 94314754624256 36 1684531658191700018
Timer 94314754624256 37 1684531658291508740
Timer 94314754624256 38 1684531658392122233
Timer 94314754624256 39 1684531658459297249
Timer 94314754624256 40 1684531658591493266
Timer 94314754624256 41 1684531658691886448
Timer 94314754624256 42 1684531658762889188
Timer 94314754624256 43 1684531658862150777
Timer 94314754624256 44 1684531658991677665
Timer 94314754624256 45 1684531659052775543
Timer 94314754624256 46 1684531659191798838
Timer 94314754624256 47 1684531659266110876
Timer 94314754624256 48 1684531659391522963
Timer 94314754624256 49 1684531659491755603
Timer 94314754624256 50 1684531659608395883
Timer 94314754624256 51 1684531659691826737
Timer 94314754624256 52 1684531659792015387
Timer 94314754624256 53 1684531659869201731
Timer 94314754624256 54 1684531659991603270
Timer 94314754624256 55 1684531660091840034
Timer 94314754624256 56 1684531660212331929
Timer 94314754624256 57 1684531660258944179
Timer 94314754624256 58 1684531660391906800
Timer 94314754624256 59 1684531660448951153
Timer 94314754624256 60 1684531660591540362
Timer 94314754624256 61 1684531660691731091
Timer 94314754624256 62 1684531660791428795
Timer 94314754624256 63 1684531660891578790
Timer 94314754624256 64 1684531660991905142
Timer 94314754624256 65 1684531661098479703
Timer 94314754624256 66 1684531661191583784
Timer 94314754624256 67 1684531661291958520
Timer 94314754624256 68 1684531661368188823
Timer 94314754624256 69 1684531661491380605
Timer 94314754624256 70 1684531661591800327
Timer 94314754624256 71 1684531661709118609
Timer 94314754624256 72 1684531661804880390
Timer 94314754624256 73 1684531661848825362
Timer 94314754624256 74 1684531661991364686
Timer 94314754624256 75 1684531662091772262
Timer 94314754624256 76 1684531662191210794
Timer 94314754624256 77 1684531662254977379
Timer 94314754624256 78 1684531662356168213
Timer 94314754624256 79 1684531662458128017
Timer 94314754624256 80 1684531662562252430
Timer 94314754624256 81 1684531662691610664
Timer 94314754624256 82 1684531662791238006
Timer 94314754624256 83 1684531662857295575
Timer 94314754624256 84 1684531662991849479
Timer 94314754624256 85 1684531663053866410
Timer 94314754624256 86 1684531663191767356
Timer 94314754624256 87 1684531663291136005
Timer 94314754624256 88 1684531663391538563
Timer 94314754624256 89 1684531663491980552
Timer 94314754624256 90 1684531663565133215
Timer 94314754624256 91 1684531663691903490
Timer 94314754624256 92 1684531663760427645
Timer 94314754624256 93 1684531663891510568
Timer 94314754624256 94 1684531663992111116
Timer 94314754624256 95 1684531664056218706
Timer 94314754624256 96 1684531664191613547
Timer 94314754624256 97 1684531664291970051
Timer 94314754624256 98 1684531664363224845
Timer 94314754624256 99 1684531664491373593
Subscriber 94314755686336 0 1684531654641746791
Subscriber 94314755686336 0 1684531654652802156
Subscriber 94314755686336 1 1684531654691984724
Subscriber 94314755686336 1 1684531654698023845
Subscriber 94314755686336 2 1684531654755795560
Subscriber 94314755686336 2 1684531654768830717
Subscriber 94314755686336 3 1684531654892261729
Subscriber 94314755686336 3 1684531654901289461
Subscriber 94314755686336 4 1684531654992489239
Subscriber 94314755686336 4 1684531655002543115
Subscriber 94314755686336 5 1684531655142107810
Subscriber 94314755686336 5 1684531655147133621
Subscriber 94314755686336 6 1684531655192028077
Subscriber 94314755686336 6 1684531655202056442
Subscriber 94314755686336 7 1684531655291847382
Subscriber 94314755686336 7 1684531655296881019
Subscriber 94314755686336 8 1684531655442039992
Subscriber 94314755686336 8 1684531655448072656
Subscriber 94314755686336 9 1684531655491749615
Subscriber 94314755686336 9 1684531655504773909
Subscriber 94314755686336 10 1684531655591264977
Subscriber 94314755686336 10 1684531655598295628
Subscriber 94314755686336 11 1684531655741432402
Subscriber 94314755686336 11 1684531655749464552
Subscriber 94314755686336 12 1684531655791453574
Subscriber 94314755686336 12 1684531655805484995
Subscriber 94314755686336 13 1684531655892123655
Subscriber 94314755686336 13 1684531655900151058
Subscriber 94314755686336 14 1684531655962160428
Subscriber 94314755686336 14 1684531655971179948
Subscriber 94314755686336 15 1684531656091915426
Subscriber 94314755686336 15 1684531656101943348
Subscriber 94314755686336 16 1684531656241992856
Subscriber 94314755686336 16 1684531656256029742
Subscriber 94314755686336 17 1684531656291860080
Subscriber 94314755686336 17 1684531656301883453
Subscriber 94314755686336 18 1684531656441934000
Subscriber 94314755686336 18 1684531656448964693
Subscriber 94314755686336 19 1684531656491524827
Subscriber 94314755686336 19 1684531656496549094
Subscriber 94314755686336 20 1684531656591822562
Subscriber 94314755686336 20 1684531656600845796
Subscriber 94314755686336 21 1684531656692255042
Subscriber 94314755686336 21 1684531656699283058
Subscriber 94314755686336 22 1684531656754105676
Subscriber 94314755686336 22 1684531656763128065
Subscriber 94314755686336 23 1684531656942065718
Subscriber 94314755686336 23 1684531656957096825
Subscriber 94314755686336 24 1684531657042022463
Subscriber 94314755686336 24 1684531657050054194
Subscriber 94314755686336 25 1684531657141341505
Subscriber 94314755686336 25 1684531657155375438
Subscriber 94314755686336 26 1684531657191356244
Subscriber 94314755686336 26 1684531657206394184
Subscriber 94314755686336 27 1684531657341757318
Subscriber 94314755686336 27 1684531657351792109
Subscriber 94314755686336 28 1684531657391675461
Subscriber 94314755686336 28 1684531657400706904
Subscriber 94314755686336 29 1684531657541922405
Subscriber 94314755686336 29 1684531657556955126
Subscriber 94314755686336 30 1684531657641332220
Subscriber 94314755686336 30 1684531657652366092
Subscriber 94314755686336 31 1684531657691341437
Subscriber 94314755686336 31 1684531657703375102
Subscriber 94314755686336 32 1684531657792029085
Subscriber 94314755686336 32 1684531657800055779
Subscriber 94314755686336 33 1684531657891571513
Subscriber 94314755686336 33 1684531657898596159
Subscriber 94314755686336 34 1684531657992001373
Subscriber 94314755686336 34 1684531658004028605
Subscriber 94314755686336 35 1684531658058092059
Subscriber 94314755686336 35 1684531658071113829
Subscriber 94314755686336 36 1684531658242050968
Subscriber 94314755686336 36 1684531658250077972
Subscriber 94314755686336 37 1684531658341849430
Subscriber 94314755686336 37 1684531658354878438
Subscriber 94314755686336 38 1684531658441469963
Subscriber 94314755686336 38 1684531658447497563
Subscriber 94314755686336 39 1684531658491218415
Subscriber 94314755686336 39 1684531658498248227
Subscriber 94314755686336 40 1684531658641858282
Subscriber 94314755686336 40 1684531658650887684
Subscriber 94314755686336 41 1684531658741053171
Subscriber 94314755686336 41 1684531658756086481
Subscriber 94314755686336 42 1684531658791613254
Subscriber 94314755686336 42 1684531658801646317
Subscriber 94314755686336 43 1684531658892065063
Subscriber 94314755686336 43 1684531658899098394
Subscriber 94314755686336 44 1684531659041345862
Subscriber 94314755686336 44 1684531659052379237
Subscriber 94314755686336 45 1684531659091106541
Subscriber 94314755686336 45 1684531659096135744
Subscriber 94314755686336 46 1684531659241280798
Subscriber 94314755686336 46 1684531659252318141
Subscriber 94314755686336 47 1684531659291293799
Subscriber 94314755686336 47 1684531659296325843
Subscriber 94314755686336 48 1684531659392041758
Subscriber 94314755686336 48 1684531659397070287
Subscriber 94314755686336 49 1684531659541766065
Subscriber 94314755686336 49 1684531659553797724
Subscriber 94314755686336 50 1684531659641493400
Subscriber 94314755686336 50 1684531659652525562
Subscriber 94314755686336 51 1684531659741642813
Subscriber 94314755686336 51 1684531659747673471
Subscriber 94314755686336 52 1684531659841360255
Subscriber 94314755686336 52 1684531659848391979
Subscriber 94314755686336 53 1684531659891370012
Subscriber 94314755686336 53 1684531659902403373
Subscriber 94314755686336 54 1684531659992112761
Subscriber 94314755686336 54 1684531660005141482
Subscriber 94314755686336 55 1684531660141736217
Subscriber 94314755686336 55 1684531660148767016
Subscriber 94314755686336 56 1684531660241128555
Subscriber 94314755686336 56 1684531660251156882
Subscriber 94314755686336 57 1684531660291776468
Subscriber 94314755686336 57 1684531660297805540
Subscriber 94314755686336 58 1684531660441415561
Subscriber 94314755686336 58 1684531660448449012
Subscriber 94314755686336 59 1684531660491208947
Subscriber 94314755686336 59 1684531660500241315
Subscriber 94314755686336 60 1684531660591887303
Subscriber 94314755686336 60 1684531660602912282
Subscriber 94314755686336 61 1684531660742170429
Subscriber 94314755686336 61 1684531660757200992
Subscriber 94314755686336 62 1684531660791875602
Subscriber 94314755686336 62 1684531660804902482
Subscriber 94314755686336 63 1684531660941775895
Subscriber 94314755686336 63 1684531660954807703
Subscriber 94314755686336 64 1684531661041845321
Subscriber 94314755686336 64 1684531661053875428
Subscriber 94314755686336 65 1684531661098822673
Subscriber 94314755686336 65 1684531661105846113
Subscriber 94314755686336 66 1684531661241637779
Subscriber 94314755686336 66 1684531661256675148
Subscriber 94314755686336 67 1684531661341359389
Subscriber 94314755686336 67 1684531661347389678
Subscriber 94314755686336 68 1684531661391364465
Subscriber 94314755686336 68 1684531661406395610
Subscriber 94314755686336 69 1684531661491952391
Subscriber 94314755686336 69 1684531661500981242
Subscriber 94314755686336 70 1684531661641686707
Subscriber 94314755686336 70 1684531661646746864
Subscriber 94314755686336 71 1684531661742193469
Subscriber 94314755686336 71 1684531661751219695
Subscriber 94314755686336 72 1684531661841412936
Subscriber 94314755686336 72 1684531661848443099
Subscriber 94314755686336 73 1684531661891167617
Subscriber 94314755686336 73 1684531661898195659
Subscriber 94314755686336 74 1684531661991729348
Subscriber 94314755686336 74 1684531661996754816
Subscriber 94314755686336 75 1684531662092107115
Subscriber 94314755686336 75 1684531662106135780
Subscriber 94314755686336 76 1684531662191851042
Subscriber 94314755686336 76 1684531662203879440
Subscriber 94314755686336 77 1684531662291495727
Subscriber 94314755686336 77 1684531662300526808
Subscriber 94314755686336 78 1684531662392122401
Subscriber 94314755686336 78 1684531662400148793
Subscriber 94314755686336 79 1684531662491585391
Subscriber 94314755686336 79 1684531662497613513
Subscriber 94314755686336 80 1684531662591031600
Subscriber 94314755686336 80 1684531662597062281
Subscriber 94314755686336 81 1684531662741988025
Subscriber 94314755686336 81 1684531662747015203
Subscriber 94314755686336 82 1684531662791689394
Subscriber 94314755686336 82 1684531662803715924
Subscriber 94314755686336 83 1684531662891118166
Subscriber 94314755686336 83 1684531662905148784
Subscriber 94314755686336 84 1684531663041410201
Subscriber 94314755686336 84 1684531663053444094
Subscriber 94314755686336 85 1684531663091176004
Subscriber 94314755686336 85 1684531663100205092
Subscriber 94314755686336 86 1684531663241870244
Subscriber 94314755686336 86 1684531663248897309
Subscriber 94314755686336 87 1684531663291684602
Subscriber 94314755686336 87 1684531663299715363
Subscriber 94314755686336 88 1684531663441770523
Subscriber 94314755686336 88 1684531663447802215
Subscriber 94314755686336 89 1684531663541280251
Subscriber 94314755686336 89 1684531663550316022
Subscriber 94314755686336 90 1684531663591304146
Subscriber 94314755686336 90 1684531663601337013
Subscriber 94314755686336 91 1684531663741568847
Subscriber 94314755686336 91 1684531663746601903
Subscriber 94314755686336 92 1684531663791273006
Subscriber 94314755686336 92 1684531663799304364
Subscriber 94314755686336 93 1684531663941826009
Subscriber 94314755686336 93 1684531663947857307
Subscriber 94314755686336 94 1684531664041388052
Subscriber 94314755686336 94 1684531664047415993
Subscriber 94314755686336 95 1684531664091391586
Subscriber 94314755686336 95 1684531664097420064
Subscriber 94314755686336 96 1684531664192123528
Subscriber 94314755686336 96 1684531664198148317
Subscriber 94314755686336 97 1684531664341411480
Subscriber 94314755686336 97 1684531664355443894
Subscriber 94314755686336 98 1684531664391174538
Subscriber 94314755686336 98 1684531664400202881
Subscriber 94314756860320 0 1684531654653559977
Subscriber 94314756860320 0 1684531654673589647
Subscriber 94314756860320 1 1684531654741544884
Subscriber 94314756860320 1 1684531654754588400
Subscriber 94314756860320 2 1684531654791795032
Subscriber 94314756860320 2 1684531654801834801
Subscriber 94314756860320 3 1684531654902006719
Subscriber 94314756860320 3 1684531654910028420
Subscriber 94314756860320 4 1684531655002828119
Subscriber 94314756860320 4 1684531655009859598
Subscriber 94314756860320 5 1684531655147565031
Subscriber 94314756860320 5 1684531655167591424
Subscriber 94314756860320 6 1684531655241984339
Subscriber 94314756860320 6 1684531655261026998
Subscriber 94314756860320 7 1684531655297433179
Subscriber 94314756860320 7 1684531655310474073
Subscriber 94314756860320 8 1684531655448391806
Subscriber 94314756860320 8 1684531655458412132
Subscriber 94314756860320 9 1684531655541946452
Subscriber 94314756860320 9 1684531655559974550
Subscriber 94314756860320 10 1684531655598722844
Subscriber 94314756860320 10 1684531655618741814
Subscriber 94314756860320 11 1684531655750153011
Subscriber 94314756860320 11 1684531655767170892
Subscriber 94314756860320 12 1684531655806125562
Subscriber 94314756860320 12 1684531655812144131
Subscriber 94314756860320 13 1684531655941352863
Subscriber 94314756860320 13 1684531655961386531
Subscriber 94314756860320 14 1684531655991361982
Subscriber 94314756860320 14 1684531656010394185
Subscriber 94314756860320 15 1684531656102265907
Subscriber 94314756860320 15 1684531656111283266
Subscriber 94314756860320 16 1684531656256498277
Subscriber 94314756860320 16 1684531656261519236
Subscriber 94314756860320 17 1684531656341787388
Subscriber 94314756860320 17 1684531656355818239
Subscriber 94314756860320 18 1684531656449294900
Subscriber 94314756860320 18 1684531656454314937
Subscriber 94314756860320 19 1684531656496917756
Subscriber 94314756860320 19 1684531656515941791
Subscriber 94314756860320 20 1684531656641731823
Subscriber 94314756860320 20 1684531656654759073
Subscriber 94314756860320 21 1684531656741328008
Subscriber 94314756860320 21 1684531656753357279
Subscriber 94314756860320 22 1684531656791191016
Subscriber 94314756860320 22 1684531656804221753
Subscriber 94314756860320 23 1684531656957423569
Subscriber 94314756860320 23 1684531656976445617
Subscriber 94314756860320 24 1684531657050365718
Subscriber 94314756860320 24 1684531657056382232
Subscriber 94314756860320 25 1684531657155807419
Subscriber 94314756860320 25 1684531657171832247
Subscriber 94314756860320 26 1684531657206997163
Subscriber 94314756860320 26 1684531657219026953
Subscriber 94314756860320 27 1684531657352633444
Subscriber 94314756860320 27 1684531657371657641
Subscriber 94314756860320 28 1684531657441943098
Subscriber 94314756860320 28 1684531657446974722
Subscriber 94314756860320 29 1684531657557393192
Subscriber 94314756860320 29 1684531657572418294
Subscriber 94314756860320 30 1684531657653179967
Subscriber 94314756860320 30 1684531657660202066
Subscriber 94314756860320 31 1684531657704014613
Subscriber 94314756860320 31 1684531657719035748
Subscriber 94314756860320 32 1684531657842067158
Subscriber 94314756860320 32 1684531657847095746
Subscriber 94314756860320 33 1684531657898982040
Subscriber 94314756860320 33 1684531657915008637
Subscriber 94314756860320 34 1684531658041268634
Subscriber 94314756860320 34 1684531658057301223
Subscriber 94314756860320 35 1684531658091054061
Subscriber 94314756860320 35 1684531658100088425
Subscriber 94314756860320 36 1684531658250390898
Subscriber 94314756860320 36 1684531658260412722
Subscriber 94314756860320 37 1684531658355187029
Subscriber 94314756860320 37 1684531658372207567
Subscriber 94314756860320 38 1684531658447924667
Subscriber 94314756860320 38 1684531658458947475
Subscriber 94314756860320 39 1684531658498661341
Subscriber 94314756860320 39 1684531658506680695
Subscriber 94314756860320 40 1684531658651195559
Subscriber 94314756860320 40 1684531658662220075
Subscriber 94314756860320 41 1684531658756516043
Subscriber 94314756860320 41 1684531658762540378
Subscriber 94314756860320 42 1684531658841632345
Subscriber 94314756860320 42 1684531658861664994
Subscriber 94314756860320 43 1684531658941362741
Subscriber 94314756860320 43 1684531658947397259
Subscriber 94314756860320 44 1684531659053127563
Subscriber 94314756860320 44 1684531659059146224
Subscriber 94314756860320 45 1684531659096730758
Subscriber 94314756860320 45 1684531659109749231
Subscriber 94314756860320 46 1684531659252764561
Subscriber 94314756860320 46 1684531659265783410
Subscriber 94314756860320 47 1684531659296755407
Subscriber 94314756860320 47 1684531659305775030
Subscriber 94314756860320 48 1684531659397366311
Subscriber 94314756860320 48 1684531659407383635
Subscriber 94314756860320 49 1684531659592085038
Subscriber 94314756860320 49 1684531659608116679
Subscriber 94314756860320 50 1684531659652953406
Subscriber 94314756860320 50 1684531659668974063
Subscriber 94314756860320 51 1684531659748006150
Subscriber 94314756860320 51 1684531659758024542
Subscriber 94314756860320 52 1684531659848827350
Subscriber 94314756860320 52 1684531659868850098
Subscriber 94314756860320 53 1684531659902832241
Subscriber 94314756860320 53 1684531659910852297
Subscriber 94314756860320 54 1684531660005438720
Subscriber 94314756860320 54 1684531660020457963
Subscriber 94314756860320 55 1684531660192009753
Subscriber 94314756860320 55 1684531660212043284
Subscriber 94314756860320 56 1684531660251569970
Subscriber 94314756860320 56 1684531660258593978
Subscriber 94314756860320 57 1684531660341669885
Subscriber 94314756860320 57 1684531660361711089
Subscriber 94314756860320 58 1684531660449213892
Subscriber 94314756860320 58 1684531660463238926
Subscriber 94314756860320 59 1684531660500850556
Subscriber 94314756860320 59 1684531660515875628
Subscriber 94314756860320 60 1684531660641856749
Subscriber 94314756860320 60 1684531660652887973
Subscriber 94314756860320 61 1684531660757529342
Subscriber 94314756860320 61 1684531660762552439
Subscriber 94314756860320 62 1684531660841784365
Subscriber 94314756860320 62 1684531660848812105
Subscriber 94314756860320 63 1684531660955241361
Subscriber 94314756860320 63 1684531660962264804
Subscriber 94314756860320 64 1684531661091197243
Subscriber 94314756860320 64 1684531661098225425
Subscriber 94314756860320 65 1684531661141785945
Subscriber 94314756860320 65 1684531661147813124
Subscriber 94314756860320 66 1684531661257130011
Subscriber 94314756860320 66 1684531661263151141
Subscriber 94314756860320 67 1684531661347805103
Subscriber 94314756860320 67 1684531661367830248
Subscriber 94314756860320 68 1684531661406824519
Subscriber 94314756860320 68 1684531661417846438
Subscriber 94314756860320 69 1684531661501395117
Subscriber 94314756860320 69 1684531661513417508
Subscriber 94314756860320 70 1684531661691813260
Subscriber 94314756860320 70 1684531661708844663
Subscriber 94314756860320 71 1684531661791261997
Subscriber 94314756860320 71 1684531661804297211
Subscriber 94314756860320 72 1684531661849173185
Subscriber 94314756860320 72 1684531661854197732
Subscriber 94314756860320 73 1684531661898790376
Subscriber 94314756860320 73 1684531661916815694
Subscriber 94314756860320 74 1684531661997150811
Subscriber 94314756860320 74 1684531662014173506
Subscriber 94314756860320 75 1684531662141978838
Subscriber 94314756860320 75 1684531662153011630
Subscriber 94314756860320 76 1684531662241385552
Subscriber 94314756860320 76 1684531662254418045
Subscriber 94314756860320 77 1684531662341864271
Subscriber 94314756860320 77 1684531662355894734
Subscriber 94314756860320 78 1684531662441490168
Subscriber 94314756860320 78 1684531662457526226
Subscriber 94314756860320 79 1684531662541947240
Subscriber 94314756860320 79 1684531662561979125
Subscriber 94314756860320 80 1684531662597470966
Subscriber 94314756860320 80 1684531662613495083
Subscriber 94314756860320 81 1684531662747325378
Subscriber 94314756860320 81 1684531662759347694
Subscriber 94314756860320 82 1684531662841866538
Subscriber 94314756860320 82 1684531662856900025
Subscriber 94314756860320 83 1684531662905575073
Subscriber 94314756860320 83 1684531662913594603
Subscriber 94314756860320 84 1684531663054217564
Subscriber 94314756860320 84 1684531663074242266
Subscriber 94314756860320 85 1684531663100799037
Subscriber 94314756860320 85 1684531663112823993
Subscriber 94314756860320 86 1684531663249210399
Subscriber 94314756860320 86 1684531663266233315
Subscriber 94314756860320 87 1684531663300110170
Subscriber 94314756860320 87 1684531663317132302
Subscriber 94314756860320 88 1684531663448241739
Subscriber 94314756860320 88 1684531663457266547
Subscriber 94314756860320 89 1684531663550756535
Subscriber 94314756860320 89 1684531663564779631
Subscriber 94314756860320 90 1684531663601789013
Subscriber 94314756860320 90 1684531663615811307
Subscriber 94314756860320 91 1684531663747048121
Subscriber 94314756860320 91 1684531663760071537
Subscriber 94314756860320 92 1684531663799736937
Subscriber 94314756860320 92 1684531663813763280
Subscriber 94314756860320 93 1684531663948198518
Subscriber 94314756860320 93 1684531663959226043
Subscriber 94314756860320 94 1684531664047835115
Subscriber 94314756860320 94 1684531664055858375
Subscriber 94314756860320 95 1684531664097848345
Subscriber 94314756860320 95 1684531664115873795
Subscriber 94314756860320 96 1684531664198415933
Subscriber 94314756860320 96 1684531664208439617
Subscriber 94314756860320 97 1684531664355875157
Subscriber 94314756860320 97 1684531664362896089
Subscriber 94314756860320 98 1684531664400614158
Subscriber 94314756860320 98 1684531664412638478
Subscriber 94314758055424 0 1684531654692706289
Subscriber 94314758055424 1 1684531654792527043
Subscriber 94314758055424 2 1684531654842084779
Subscriber 94314758055424 3 1684531654942115974
Subscriber 94314758055424 4 1684531655042053339
Subscriber 94314758055424 5 1684531655192417743
Subscriber 94314758055424 6 1684531655292424334
Subscriber 94314758055424 7 1684531655342020243
Subscriber 94314758055424 8 1684531655492281451
Subscriber 94314758055424 9 1684531655592150127
Subscriber 94314758055424 10 1684531655642641008
Subscriber 94314758055424 11 1684531655791918747
Subscriber 94314758055424 12 1684531655842395939
Subscriber 94314758055424 13 1684531655992614439
Subscriber 94314758055424 14 1684531656042102780
Subscriber 94314758055424 15 1684531656141994270
Subscriber 94314758055424 16 1684531656292531491
Subscriber 94314758055424 17 1684531656392606452
Subscriber 94314758055424 18 1684531656492466933
Subscriber 94314758055424 19 1684531656542019729
Subscriber 94314758055424 20 1684531656692276259
Subscriber 94314758055424 21 1684531656792123676
Subscriber 94314758055424 22 1684531656842617364
Subscriber 94314758055424 23 1684531656993128845
Subscriber 94314758055424 24 1684531657091974249
Subscriber 94314758055424 25 1684531657192786505
Subscriber 94314758055424 26 1684531657242483099
Subscriber 94314758055424 27 1684531657392740670
Subscriber 94314758055424 28 1684531657492748756
Subscriber 94314758055424 29 1684531657592778267
Subscriber 94314758055424 30 1684531657692588080
Subscriber 94314758055424 31 1684531657742104677
Subscriber 94314758055424 32 1684531657892436147
Subscriber 94314758055424 33 1684531657941987705
Subscriber 94314758055424 34 1684531658092246103
Subscriber 94314758055424 35 1684531658143003318
Subscriber 94314758055424 36 1684531658292702347
Subscriber 94314758055424 37 1684531658392537554
Subscriber 94314758055424 38 1684531658492390586
Subscriber 94314758055424 39 1684531658542883258
Subscriber 94314758055424 40 1684531658692346111
Subscriber 94314758055424 41 1684531658792172566
Subscriber 94314758055424 42 1684531658892065230
Subscriber 94314758055424 43 1684531658992008594
Subscriber 94314758055424 44 1684531659092807825
Subscriber 94314758055424 45 1684531659142593803
Subscriber 94314758055424 46 1684531659292856299
Subscriber 94314758055424 47 1684531659342592983
Subscriber 94314758055424 48 1684531659442667655
Subscriber 94314758055424 49 1684531659642307636
Subscriber 94314758055424 50 1684531659692767369
Subscriber 94314758055424 51 1684531659792557066
Subscriber 94314758055424 52 1684531659892423357
Subscriber 94314758055424 53 1684531659941982212
Subscriber 94314758055424 54 1684531660042902598
Subscriber 94314758055424 55 1684531660242493509
Subscriber 94314758055424 56 1684531660291940252
Subscriber 94314758055424 57 1684531660392966382
Subscriber 94314758055424 58 1684531660492866987
Subscriber 94314758055424 59 1684531660542314309
Subscriber 94314758055424 60 1684531660692778691
Subscriber 94314758055424 61 1684531660792585403
Subscriber 94314758055424 62 1684531660892358946
Subscriber 94314758055424 63 1684531660992237481
Subscriber 94314758055424 64 1684531661142471219
Subscriber 94314758055424 65 1684531661191967604
Subscriber 94314758055424 66 1684531661292967863
Subscriber 94314758055424 67 1684531661392781338
Subscriber 94314758055424 68 1684531661442472491
Subscriber 94314758055424 69 1684531661542443006
Subscriber 94314758055424 70 1684531661742147288
Subscriber 94314758055424 71 1684531661842042986
Subscriber 94314758055424 72 1684531661892546623
Subscriber 94314758055424 73 1684531661942075636
Subscriber 94314758055424 74 1684531662041985533
Subscriber 94314758055424 75 1684531662192252492
Subscriber 94314758055424 76 1684531662292212228
Subscriber 94314758055424 77 1684531662392114026
Subscriber 94314758055424 78 1684531662491973020
Subscriber 94314758055424 79 1684531662592790534
Subscriber 94314758055424 80 1684531662642423905
Subscriber 94314758055424 81 1684531662792665509
Subscriber 94314758055424 82 1684531662892529638
Subscriber 94314758055424 83 1684531662942085782
Subscriber 94314758055424 84 1684531663092371525
Subscriber 94314758055424 85 1684531663143141816
Subscriber 94314758055424 86 1684531663292593592
Subscriber 94314758055424 87 1684531663342156008
Subscriber 94314758055424 88 1684531663492575234
Subscriber 94314758055424 89 1684531663592466416
Subscriber 94314758055424 90 1684531663642030621
Subscriber 94314758055424 91 1684531663792276701
Subscriber 94314758055424 92 1684531663842764739
Subscriber 94314758055424 93 1684531663991980367
Subscriber 94314758055424 94 1684531664092847526
Subscriber 94314758055424 95 1684531664142535722
Subscriber 94314758055424 96 1684531664242627915
Subscriber 94314758055424 97 1684531664391931767
Subscriber 94314758055424 98 1684531664442400668
