TimerID Timer1 1
TimerID Timer2 2
SubscriberID Subscriber1 4
SubscriberID Subscriber2 5
TimerID Timer3 3
SubscriberID Subscriber3 6
SubscriberID Subscriber4 7
SubscriberID Subscriber5 8
SubscriberID Subscriber6 9
SubscriberID Subscriber7 10
SubscriberID Subscriber8 11
SubscriberID Subscriber9 12
SubscriberID Subscriber10 13
Timer 3 0 162000000
StartTime 200000000
Timer 1 0 200000000
Subscriber 4 0 222000000
Timer 3 1 322000000
Subscriber 6 0 324000000
Subscriber 8 0 324000000
Timer 1 1 400000000
Timer 2 0 420000000
Subscriber 4 1 422000000
Subscriber 5 0 442000000
Subscriber 8 1 474000000
Subscriber 10 0 476000000
Timer 3 2 482000000
Subscriber 6 1 524000000
Subscriber 7 0 524000000
Subscriber 9 0 524000000
Subscriber 12 0 566000000
Timer 1 2 600000000
Subscriber 4 2 622000000
Subscriber 8 2 624000000
Timer 3 3 642000000
Subscriber 10 1 676000000
Subscriber 12 1 716000000
Subscriber 6 2 724000000
Subscriber 11 0 756000000
Subscriber 8 3 774000000
Subscriber 13 0 776000000
Timer 1 3 800000000
Timer 3 4 802000000
Subscriber 4 3 822000000
Timer 2 1 840000000
Subscriber 5 1 862000000
Subscriber 12 2 866000000
Subscriber 10 2 876000000
Subscriber 6 3 924000000
Subscriber 8 4 924000000
Timer 3 5 962000000
Subscriber 7 1 974000000
Subscriber 9 1 974000000
Timer 1 4 1000000000
Subscriber 12 3 1016000000
Subscriber 4 4 1022000000
Subscriber 10 3 1076000000
Timer 3 6 1122000000
Subscriber 6 4 1124000000
Subscriber 8 5 1124000000
Subscriber 12 4 1166000000
Timer 1 5 1200000000
Subscriber 11 1 1206000000
Subscriber 4 5 1222000000
Subscriber 13 1 1226000000
Timer 2 2 1260000000
Subscriber 8 6 1274000000
Subscriber 10 4 1276000000
Subscriber 5 2 1282000000
Timer 3 7 1282000000
Subscriber 6 5 1324000000
Subscriber 12 5 1366000000
Subscriber 7 2 1374000000
Subscriber 9 2 1374000000
Timer 1 6 1400000000
Subscriber 4 6 1422000000
Subscriber 8 7 1424000000
Timer 3 8 1442000000
Subscriber 10 5 1476000000
Subscriber 12 6 1516000000
Subscriber 6 6 1524000000
Subscriber 8 8 1574000000
Timer 1 7 1600000000
Timer 3 9 1602000000
Subscriber 11 2 1606000000
Subscriber 4 7 1622000000
Subscriber 13 2 1626000000
Subscriber 12 7 1666000000
Subscriber 10 6 1676000000
Timer 2 3 1680000000
Subscriber 5 3 1702000000
Subscriber 6 7 1724000000
Subscriber 8 9 1724000000
Timer 3 10 1762000000
Subscriber 7 3 1774000000
Subscriber 9 3 1774000000
Timer 1 8 1800000000
Subscriber 12 8 1816000000
Subscriber 4 8 1822000000
Subscriber 10 7 1876000000
Timer 3 11 1922000000
Subscriber 6 8 1924000000
Subscriber 8 10 1924000000
Subscriber 12 9 1966000000
Timer 1 9 2000000000
Subscriber 11 3 2006000000
Subscriber 4 9 2022000000
Subscriber 13 3 2026000000
Subscriber 8 11 2074000000
Subscriber 10 8 2076000000
Timer 3 12 2082000000
Timer 2 4 2100000000
Subscriber 5 4 2122000000
Subscriber 6 9 2124000000
Subscriber 12 10 2166000000
Timer 1 10 2200000000
Subscriber 4 10 2222000000
Subscriber 7 4 2224000000
Subscriber 8 12 2224000000
Subscriber 9 4 2224000000
Timer 3 13 2242000000
Subscriber 10 9 2276000000
Subscriber 12 11 2316000000
Subscriber 6 10 2324000000
Subscriber 8 13 2374000000
Timer 1 11 2400000000
Timer 3 14 2402000000
Subscriber 4 11 2422000000
Subscriber 11 4 2456000000
Subscriber 12 12 2466000000
Subscriber 10 10 2476000000
Subscriber 13 4 2476000000
Timer 2 5 2520000000
Subscriber 6 11 2524000000
Subscriber 8 14 2524000000
Subscriber 5 5 2542000000
Timer 3 15 2562000000
Timer 1 12 2600000000
Subscriber 12 13 2616000000
Subscriber 4 12 2622000000
Subscriber 7 5 2624000000
Subscriber 9 5 2624000000
Subscriber 10 11 2676000000
Timer 3 16 2722000000
Subscriber 6 12 2724000000
Subscriber 8 15 2724000000
Subscriber 12 14 2766000000
Timer 1 13 2800000000
Subscriber 4 13 2822000000
Subscriber 11 5 2856000000
Subscriber 8 16 2874000000
Subscriber 10 12 2876000000
Subscriber 13 5 2876000000
Timer 3 17 2882000000
Subscriber 6 13 2924000000
Timer 2 6 2940000000
Subscriber 5 6 2962000000
Subscriber 12 15 2966000000
Timer 1 14 3000000000
Subscriber 4 14 3022000000
Subscriber 8 17 3024000000
Timer 3 18 3042000000
Subscriber 7 6 3074000000
Subscriber 9 6 3074000000
Subscriber 10 13 3076000000
Subscriber 12 16 3116000000
Subscriber 6 14 3124000000
Subscriber 8 18 3174000000
Timer 1 15 3200000000
Timer 3 19 3202000000
Subscriber 4 15 3222000000
Subscriber 12 17 3266000000
Subscriber 10 14 3276000000
Subscriber 11 6 3306000000
Subscriber 6 15 3324000000
Subscriber 8 19 3324000000
Subscriber 13 6 3326000000
Timer 2 7 3360000000
Timer 3 20 3362000000
Subscriber 5 7 3382000000
Timer 1 16 3400000000
Subscriber 12 18 3416000000
Subscriber 4 16 3422000000
Subscriber 7 7 3474000000
Subscriber 9 7 3474000000
Subscriber 10 15 3476000000
Timer 3 21 3522000000
Subscriber 6 16 3524000000
Subscriber 8 20 3524000000
Subscriber 12 19 3566000000
Timer 1 17 3600000000
Subscriber 4 17 3622000000
Subscriber 8 21 3674000000
Subscriber 10 16 3676000000
Timer 3 22 3682000000
Subscriber 11 7 3706000000
Subscriber 6 17 3724000000
Subscriber 13 7 3726000000
Subscriber 12 20 3766000000
Timer 2 8 3780000000
Timer 1 18 3800000000
Subscriber 5 8 3802000000
Subscriber 4 18 3822000000
Subscriber 8 22 3824000000
Timer 3 23 3842000000
Subscriber 7 8 3874000000
Subscriber 9 8 3874000000
Subscriber 10 17 3876000000
Subscriber 12 21 3916000000
Subscriber 6 18 3924000000
Subscriber 8 23 3974000000
Timer 1 19 4000000000
Timer 3 24 4002000000
Subscriber 4 19 4022000000
Subscriber 12 22 4066000000
Subscriber 10 18 4076000000
Subscriber 11 8 4106000000
Subscriber 6 19 4124000000
Subscriber 8 24 4124000000
Subscriber 13 8 4126000000
Timer 3 25 4162000000
Timer 1 20 4200000000
Timer 2 9 4200000000
Subscriber 12 23 4216000000
Subscriber 4 20 4222000000
Subscriber 5 9 4222000000
Subscriber 10 19 4276000000
Timer 3 26 4322000000
Subscriber 6 20 4324000000
Subscriber 7 9 4324000000
Subscriber 8 25 4324000000
Subscriber 9 9 4324000000
Subscriber 12 24 4366000000
Timer 1 21 4400000000
Subscriber 4 21 4422000000
Subscriber 8 26 4474000000
Subscriber 10 20 4476000000
Timer 3 27 4482000000
Subscriber 6 21 4524000000
Subscriber 11 9 4556000000
Subscriber 12 25 4566000000
Subscriber 13 9 4576000000
Timer 1 22 4600000000
Timer 2 10 4620000000
Subscriber 4 22 4622000000
Subscriber 8 27 4624000000
Subscriber 5 10 4642000000
Timer 3 28 4642000000
Subscriber 10 21 4676000000
Subscriber 12 26 4716000000
Subscriber 6 22 4724000000
Subscriber 7 10 4724000000
Subscriber 9 10 4724000000
Subscriber 8 28 4774000000
Timer 1 23 4800000000
Timer 3 29 4802000000
Subscriber 4 23 4822000000
Subscriber 12 27 4866000000
Subscriber 10 22 4876000000
Subscriber 6 23 4924000000
Subscriber 8 29 4924000000
Subscriber 11 10 4956000000
Timer 3 30 4962000000
Subscriber 13 10 4976000000
Timer 1 24 5000000000
Subscriber 12 28 5016000000
Subscriber 4 24 5022000000
Timer 2 11 5040000000
Subscriber 5 11 5062000000
Subscriber 10 23 5076000000
Timer 3 31 5122000000
Subscriber 6 24 5124000000
Subscriber 8 30 5124000000
Subscriber 12 29 5166000000
Subscriber 7 11 5174000000
Subscriber 9 11 5174000000
Timer 1 25 5200000000
Subscriber 4 25 5222000000
Subscriber 8 31 5274000000
Subscriber 10 24 5276000000
Timer 3 32 5282000000
Subscriber 6 25 5324000000
Subscriber 12 30 5366000000
Timer 1 26 5400000000
Subscriber 11 11 5406000000
Subscriber 4 26 5422000000
Subscriber 8 32 5424000000
Subscriber 13 11 5426000000
Timer 3 33 5442000000
Timer 2 12 5460000000
Subscriber 10 25 5476000000
Subscriber 5 12 5482000000
Subscriber 12 31 5516000000
Subscriber 6 26 5524000000
Subscriber 7 12 5574000000
Subscriber 8 33 5574000000
Subscriber 9 12 5574000000
Timer 1 27 5600000000
Timer 3 34 5602000000
Subscriber 4 27 5622000000
Subscriber 12 32 5666000000
Subscriber 10 26 5676000000
Subscriber 6 27 5724000000
Subscriber 8 34 5724000000
Timer 3 35 5762000000
Timer 1 28 5800000000
Subscriber 11 12 5806000000
Subscriber 12 33 5816000000
Subscriber 4 28 5822000000
Subscriber 13 12 5826000000
Subscriber 10 27 5876000000
Timer 2 13 5880000000
Subscriber 5 13 5902000000
Timer 3 36 5922000000
Subscriber 6 28 5924000000
Subscriber 8 35 5924000000
Subscriber 12 34 5966000000
Subscriber 7 13 5974000000
Subscriber 9 13 5974000000
Timer 1 29 6000000000
Subscriber 4 29 6022000000
Subscriber 8 36 6074000000
Subscriber 10 28 6076000000
Timer 3 37 6082000000
Subscriber 6 29 6124000000
Subscriber 12 35 6166000000
Timer 1 30 6200000000
Subscriber 11 13 6206000000
Subscriber 4 30 6222000000
Subscriber 8 37 6224000000
Subscriber 13 13 6226000000
Timer 3 38 6242000000
Subscriber 10 29 6276000000
Timer 2 14 6300000000
Subscriber 12 36 6316000000
Subscriber 5 14 6322000000
Subscriber 6 30 6324000000
Subscriber 8 38 6374000000
Timer 1 31 6400000000
Timer 3 39 6402000000
Subscriber 4 31 6422000000
Subscriber 7 14 6424000000
Subscriber 9 14 6424000000
Subscriber 12 37 6466000000
Subscriber 10 30 6476000000
Subscriber 6 31 6524000000
Subscriber 8 39 6524000000
Timer 3 40 6562000000
Timer 1 32 6600000000
Subscriber 12 38 6616000000
Subscriber 4 32 6622000000
Subscriber 11 14 6656000000
Subscriber 10 31 6676000000
Subscriber 13 14 6676000000
Timer 2 15 6720000000
Timer 3 41 6722000000
Subscriber 6 32 6724000000
Subscriber 8 40 6724000000
Subscriber 5 15 6742000000
Subscriber 12 39 6766000000
Timer 1 33 6800000000
Subscriber 4 33 6822000000
Subscriber 7 15 6824000000
Subscriber 9 15 6824000000
Subscriber 8 41 6874000000
Subscriber 10 32 6876000000
Timer 3 42 6882000000
Subscriber 6 33 6924000000
Subscriber 12 40 6966000000
Timer 1 34 7000000000
Subscriber 4 34 7022000000
Subscriber 8 42 7024000000
Timer 3 43 7042000000
Subscriber 11 15 7056000000
Subscriber 10 33 7076000000
Subscriber 13 15 7076000000
Subscriber 12 41 7116000000
Subscriber 6 34 7124000000
Timer 2 16 7140000000
Subscriber 5 16 7162000000
Subscriber 8 43 7174000000
Timer 1 35 7200000000
Timer 3 44 7202000000
Subscriber 4 35 7222000000
Subscriber 12 42 7266000000
Subscriber 7 16 7274000000
Subscriber 9 16 7274000000
Subscriber 10 34 7276000000
Subscriber 6 35 7324000000
Subscriber 8 44 7324000000
Timer 3 45 7362000000
Timer 1 36 7400000000
Subscriber 12 43 7416000000
Subscriber 4 36 7422000000
Subscriber 10 35 7476000000
Subscriber 11 16 7506000000
Timer 3 46 7522000000
Subscriber 6 36 7524000000
Subscriber 8 45 7524000000
Subscriber 13 16 7526000000
Timer 2 17 7560000000
Subscriber 12 44 7566000000
Subscriber 5 17 7582000000
Timer 1 37 7600000000
Subscriber 4 37 7622000000
Subscriber 7 17 7674000000
Subscriber 8 46 7674000000
Subscriber 9 17 7674000000
Subscriber 10 36 7676000000
Timer 3 47 7682000000
Subscriber 6 37 7724000000
Subscriber 12 45 7766000000
Timer 1 38 7800000000
Subscriber 4 38 7822000000
Subscriber 8 47 7824000000
Timer 3 48 7842000000
Subscriber 10 37 7876000000
Subscriber 11 17 7906000000
Subscriber 12 46 7916000000
Subscriber 6 38 7924000000
Subscriber 13 17 7926000000
Subscriber 8 48 7974000000
Timer 2 18 7980000000
Timer 1 39 8000000000
Subscriber 5 18 8002000000
Timer 3 49 8002000000
Subscriber 4 39 8022000000
Subscriber 12 47 8066000000
Subscriber 7 18 8074000000
Subscriber 9 18 8074000000
Subscriber 10 38 8076000000
Subscriber 6 39 8124000000
Subscriber 8 49 8124000000
Timer 3 50 8162000000
Timer 1 40 8200000000
Subscriber 12 48 8216000000
Subscriber 4 40 8222000000
Subscriber 10 39 8276000000
Subscriber 11 18 8306000000
Timer 3 51 8322000000
Subscriber 6 40 8324000000
Subscriber 8 50 8324000000
Subscriber 13 18 8326000000
Subscriber 12 49 8366000000
Timer 1 41 8400000000
Timer 2 19 8400000000
Subscriber 4 41 8422000000
Subscriber 5 19 8422000000
Subscriber 8 51 8474000000
Subscriber 10 40 8476000000
Timer 3 52 8482000000
Subscriber 6 41 8524000000
Subscriber 7 19 8524000000
Subscriber 9 19 8524000000
Subscriber 12 50 8566000000
Timer 1 42 8600000000
Subscriber 4 42 8622000000
Subscriber 8 52 8624000000
Timer 3 53 8642000000
Subscriber 10 41 8676000000
Subscriber 12 51 8716000000
Subscriber 6 42 8724000000
Subscriber 11 19 8756000000
Subscriber 8 53 8774000000
Subscriber 13 19 8776000000
Timer 1 43 8800000000
Timer 3 54 8802000000
Timer 2 20 8820000000
Subscriber 4 43 8822000000
Subscriber 5 20 8842000000
Subscriber 12 52 8866000000
Subscriber 10 42 8876000000
Subscriber 6 43 8924000000
Subscriber 7 20 8924000000
Subscriber 8 54 8924000000
Subscriber 9 20 8924000000
Timer 3 55 8962000000
Timer 1 44 9000000000
Subscriber 12 53 9016000000
Subscriber 4 44 9022000000
Subscriber 10 43 9076000000
Timer 3 56 9122000000
Subscriber 6 44 9124000000
Subscriber 8 55 9124000000
Subscriber 11 20 9156000000
Subscriber 12 54 9166000000
Subscriber 13 20 9176000000
Timer 1 45 9200000000
Subscriber 4 45 9222000000
Timer 2 21 9240000000
Subscriber 5 21 9262000000
Subscriber 8 56 9274000000
Subscriber 10 44 9276000000
Timer 3 57 9282000000
Subscriber 6 45 9324000000
Subscriber 12 55 9366000000
Subscriber 7 21 9374000000
Subscriber 9 21 9374000000
Timer 1 46 9400000000
Subscriber 4 46 9422000000
Subscriber 8 57 9424000000
Timer 3 58 9442000000
Subscriber 10 45 9476000000
Subscriber 12 56 9516000000
Subscriber 6 46 9524000000
Subscriber 8 58 9574000000
Timer 1 47 9600000000
Timer 3 59 9602000000
Subscriber 11 21 9606000000
Subscriber 4 47 9622000000
Subscriber 13 21 9626000000
Timer 2 22 9660000000
Subscriber 12 57 9666000000
Subscriber 10 46 9676000000
Subscriber 5 22 9682000000
Subscriber 6 47 9724000000
Subscriber 8 59 9724000000
Timer 3 60 9762000000
Subscriber 7 22 9774000000
Subscriber 9 22 9774000000
Timer 1 48 9800000000
Subscriber 12 58 9816000000
Subscriber 4 48 9822000000
Subscriber 10 47 9876000000
Timer 3 61 9922000000
Subscriber 6 48 9924000000
Subscriber 8 60 9924000000
Subscriber 12 59 9966000000
Timer 1 49 10000000000
Subscriber 11 22 10006000000
Subscriber 4 49 10022000000
Subscriber 13 22 10026000000
Subscriber 8 61 10074000000
Subscriber 10 48 10076000000
Timer 2 23 10080000000
Timer 3 62 10082000000
Subscriber 5 23 10102000000
Subscriber 6 49 10124000000
Subscriber 12 60 10166000000
Subscriber 7 23 10174000000
Subscriber 9 23 10174000000
Timer 1 50 10200000000
Subscriber 4 50 10222000000
Subscriber 8 62 10224000000
Timer 3 63 10242000000
Subscriber 10 49 10276000000
Subscriber 12 61 10316000000
Subscriber 6 50 10324000000
Subscriber 8 63 10374000000
Timer 1 51 10400000000
Timer 3 64 10402000000
Subscriber 11 23 10406000000
Subscriber 4 51 10422000000
Subscriber 13 23 10426000000
Subscriber 12 62 10466000000
Subscriber 10 50 10476000000
Timer 2 24 10500000000
Subscriber 5 24 10522000000
Subscriber 6 51 10524000000
Subscriber 8 64 10524000000
Timer 3 65 10562000000
Timer 1 52 10600000000
Subscriber 12 63 10616000000
Subscriber 4 52 10622000000
Subscriber 7 24 10624000000
Subscriber 9 24 10624000000
Subscriber 10 51 10676000000
Timer 3 66 10722000000
Subscriber 6 52 10724000000
Subscriber 8 65 10724000000
Subscriber 12 64 10766000000
Timer 1 53 10800000000
Subscriber 4 53 10822000000
Subscriber 11 24 10856000000
Subscriber 8 66 10874000000
Subscriber 10 52 10876000000
Subscriber 13 24 10876000000
Timer 3 67 10882000000
Timer 2 25 10920000000
Subscriber 6 53 10924000000
Subscriber 5 25 10942000000
Subscriber 12 65 10966000000
Timer 1 54 11000000000
Subscriber 4 54 11022000000
Subscriber 7 25 11024000000
Subscriber 8 67 11024000000
Subscriber 9 25 11024000000
Timer 3 68 11042000000
Subscriber 10 53 11076000000
Subscriber 12 66 11116000000
Subscriber 6 54 11124000000
Subscriber 8 68 11174000000
Timer 1 55 11200000000
Timer 3 69 11202000000
Subscriber 4 55 11222000000
Subscriber 11 25 11256000000
Subscriber 12 67 11266000000
Subscriber 10 54 11276000000
Subscriber 13 25 11276000000
Subscriber 6 55 11324000000
Subscriber 8 69 11324000000
Timer 2 26 11340000000
Subscriber 5 26 11362000000
Timer 3 70 11362000000
Timer 1 56 11400000000
Subscriber 12 68 11416000000
Subscriber 4 56 11422000000
Subscriber 7 26 11474000000
Subscriber 9 26 11474000000
Subscriber 10 55 11476000000
Timer 3 71 11522000000
Subscriber 6 56 11524000000
Subscriber 8 70 11524000000
Subscriber 12 69 11566000000
Timer 1 57 11600000000
Subscriber 4 57 11622000000
Subscriber 8 71 11674000000
Subscriber 10 56 11676000000
Timer 3 72 11682000000
Subscriber 11 26 11706000000
Subscriber 6 57 11724000000
Subscriber 13 26 11726000000
Timer 2 27 11760000000
Subscriber 12 70 11766000000
Subscriber 5 27 11782000000
Timer 1 58 11800000000
Subscriber 4 58 11822000000
Subscriber 8 72 11824000000
Timer 3 73 11842000000
Subscriber 7 27 11874000000
Subscriber 9 27 11874000000
Subscriber 10 57 11876000000
Subscriber 12 71 11916000000
Subscriber 6 58 11924000000
Subscriber 8 73 11974000000
Timer 1 59 12000000000
Timer 3 74 12002000000
Subscriber 4 59 12022000000
Subscriber 12 72 12066000000
Subscriber 10 58 12076000000
Subscriber 11 27 12106000000
Subscriber 6 59 12124000000
Subscriber 8 74 12124000000
Subscriber 13 27 12126000000
Timer 3 75 12162000000
Timer 2 28 12180000000
Timer 1 60 12200000000
Subscriber 5 28 12202000000
Subscriber 12 73 12216000000
Subscriber 4 60 12222000000
Subscriber 7 28 12274000000
Subscriber 9 28 12274000000
Subscriber 10 59 12276000000
Timer 3 76 12322000000
Subscriber 6 60 12324000000
Subscriber 8 75 12324000000
Subscriber 12 74 12366000000
Timer 1 61 12400000000
Subscriber 4 61 12422000000
Subscriber 8 76 12474000000
Subscriber 10 60 12476000000
Timer 3 77 12482000000
Subscriber 11 28 12506000000
Subscriber 6 61 12524000000
Subscriber 13 28 12526000000
Subscriber 12 75 12566000000
Timer 1 62 12600000000
Timer 2 29 12600000000
Subscriber 4 62 12622000000
Subscriber 5 29 12622000000
Subscriber 8 77 12624000000
Timer 3 78 12642000000
Subscriber 10 61 12676000000
Subscriber 12 76 12716000000
Subscriber 6 62 12724000000
Subscriber 7 29 12724000000
Subscriber 9 29 12724000000
Subscriber 8 78 12774000000
Timer 1 63 12800000000
Timer 3 79 12802000000
Subscriber 4 63 12822000000
Subscriber 12 77 12866000000
Subscriber 10 62 12876000000
Subscriber 6 63 12924000000
Subscriber 8 79 12924000000
Subscriber 11 29 12956000000
Timer 3 80 12962000000
Subscriber 13 29 12976000000
Timer 1 64 13000000000
Subscriber 12 78 13016000000
Timer 2 30 13020000000
Subscriber 4 64 13022000000
Subscriber 5 30 13042000000
Subscriber 10 63 13076000000
Timer 3 81 13122000000
Subscriber 6 64 13124000000
Subscriber 7 30 13124000000
Subscriber 8 80 13124000000
Subscriber 9 30 13124000000
Subscriber 12 79 13166000000
Timer 1 65 13200000000
Subscriber 4 65 13222000000
Subscriber 8 81 13274000000
Subscriber 10 64 13276000000
Timer 3 82 13282000000
Subscriber 6 65 13324000000
Subscriber 11 30 13356000000
Subscriber 12 80 13366000000
Subscriber 13 30 13376000000
Timer 1 66 13400000000
Subscriber 4 66 13422000000
Subscriber 8 82 13424000000
Timer 2 31 13440000000
Timer 3 83 13442000000
Subscriber 5 31 13462000000
Subscriber 10 65 13476000000
Subscriber 12 81 13516000000
Subscriber 6 66 13524000000
Subscriber 7 31 13574000000
Subscriber 8 83 13574000000
Subscriber 9 31 13574000000
Timer 1 67 13600000000
Timer 3 84 13602000000
Subscriber 4 67 13622000000
Subscriber 12 82 13666000000
Subscriber 10 66 13676000000
Subscriber 6 67 13724000000
Subscriber 8 84 13724000000
Timer 3 85 13762000000
Timer 1 68 13800000000
Subscriber 11 31 13806000000
Subscriber 12 83 13816000000
Subscriber 4 68 13822000000
Subscriber 13 31 13826000000
Timer 2 32 13860000000
Subscriber 10 67 13876000000
Subscriber 5 32 13882000000
Timer 3 86 13922000000
Subscriber 6 68 13924000000
Subscriber 8 85 13924000000
Subscriber 12 84 13966000000
Subscriber 7 32 13974000000
Subscriber 9 32 13974000000
Timer 1 69 14000000000
Subscriber 4 69 14022000000
Subscriber 8 86 14074000000
Subscriber 10 68 14076000000
Timer 3 87 14082000000
Subscriber 6 69 14124000000
Subscriber 12 85 14166000000
Timer 1 70 14200000000
Subscriber 11 32 14206000000
Subscriber 4 70 14222000000
Subscriber 8 87 14224000000
Subscriber 13 32 14226000000
Timer 3 88 14242000000
Subscriber 10 69 14276000000
Timer 2 33 14280000000
Subscriber 5 33 14302000000
Subscriber 12 86 14316000000
Subscriber 6 70 14324000000
Subscriber 7 33 14374000000
Subscriber 8 88 14374000000
Subscriber 9 33 14374000000
Timer 1 71 14400000000
Timer 3 89 14402000000
Subscriber 4 71 14422000000
Subscriber 12 87 14466000000
Subscriber 10 70 14476000000
Subscriber 6 71 14524000000
Subscriber 8 89 14524000000
Timer 3 90 14562000000
Timer 1 72 14600000000
Subscriber 11 33 14606000000
Subscriber 12 88 14616000000
Subscriber 4 72 14622000000
Subscriber 13 33 14626000000
Subscriber 10 71 14676000000
Timer 2 34 14700000000
Subscriber 5 34 14722000000
Timer 3 91 14722000000
Subscriber 6 72 14724000000
Subscriber 8 90 14724000000
Subscriber 12 89 14766000000
Timer 1 73 14800000000
Subscriber 4 73 14822000000
Subscriber 7 34 14824000000
Subscriber 9 34 14824000000
Subscriber 8 91 14874000000
Subscriber 10 72 14876000000
Timer 3 92 14882000000
Subscriber 6 73 14924000000
Subscriber 12 90 14966000000
Timer 1 74 15000000000
